1;-81.5746631752913;28.700718125653495;449;245
2;-81.48404034950036;28.66454562774097;329;45
3;-81.4931378488264;28.670163983445356;203;110
4;-81.50949196233321;28.644907669765455;266;465
5;-81.49689078069868;28.67323050084106;129;128
6;-81.50311095444609;28.642564379028276;131;130
7;-81.50444295271627;28.642971860665877;133;132
8;-81.58403363385587;28.711986422507067;135;134
9;-81.49519713504807;28.67190629228603;137;136
10;-81.6244048919801;28.774927775094383;139;138
11;-81.62458116955212;28.76666635903899;80;140
12;-81.60765603123996;28.732144230869643;142;141
13;-81.60120105708704;28.72674378108784;144;143
14;-81.60180264650808;28.727259769294356;145;143
15;-81.58829409026617;28.71583236715691;27;134
16;-81.54862326045131;28.69085900335383;33;146
17;-81.52022423557622;28.651145077168156;148;147
18;-81.48843765187056;28.66756902088393;150;149
19;-81.51960919345393;28.67796255824765;152;151
20;-81.48105691842777;28.634094668986936;153;113
21;-81.49412035742817;28.670794252043944;155;154
22;-81.51727727118339;28.64925220668341;156;89
23;-81.579733562616;28.70603120921245;158;157
24;-81.55082513420459;28.69149545711708;160;159
25;-81.55087484761451;28.691363374841572;88;161
26;-81.5404877717679;28.68793610125675;162;57
27;-81.54122361897434;28.688411338473113;164;163
28;-81.54287215696752;28.68906486278701;165;55
29;-81.54196988019257;28.68870499644613;163;165
30;-81.52688717116624;28.682630528263996;167;166
31;-81.52738478841088;28.68204255416199;169;168
32;-81.47822277362621;28.67310849237543;171;170
33;-81.54307944668217;28.643400843938068;172;61
34;-81.50368475680624;28.642737813954295;132;131
35;-81.54975618996185;28.691019578547987;173;30
36;-81.53649306373977;28.686390112160062;56;174
37;-81.5213516043591;28.67915511498599;176;175
38;-81.56684558155314;28.6978355331299;178;177
39;-81.56560645994327;28.69744593383119;179;178
40;-81.52428856998422;28.681431314378546;181;180
41;-81.48271050158223;28.673108958990458;183;182
42;-81.6086635202045;28.733312360970547;185;184
43;-81.4942665961917;28.637388286540958;187;186
44;-81.51337450444242;28.646384968812324;189;188
45;-81.51934235734065;28.65082905922399;191;190
46;-81.54232564057959;28.635666364180334;193;192
47;-81.5988526949196;28.724582919163836;101;194
48;-81.62421183633515;28.770772772575768;105;195
49;-81.57030728559228;28.698913914676993;197;196
50;-81.60204802995655;28.727324026303307;199;198
51;-81.50945389930858;28.673151;201;200
52;-81.49086849788729;28.669047608029405;202;69
53;-81.49362512206193;28.670484404361947;203;155
54;-81.47272958709117;28.634053374607202;112;204
55;-81.50507090270565;28.642969620842706;205;77
56;-81.50094073945759;28.641900685373173;207;206
57;-81.49948287352494;28.67301667036737;209;208
58;-81.49669332106967;28.67322537955976;7;129
59;-81.48132853124412;28.672900674867627;58;210
60;-81.55049202148463;28.69125056135518;212;211
61;-81.54106104698921;28.645277534515046;172;213
62;-81.53606236161893;28.62191176973367;215;214
63;-81.6244277374182;28.76331043133973;217;216
64;-81.6243429464467;28.754984059913408;219;218
65;-81.62232848682505;28.751536848476224;221;220
66;-81.62334576968279;28.752886775204335;220;219
67;-81.60984445723375;28.734218089252682;222;185
68;-81.61370364505355;28.736636119018296;224;223
69;-81.60344099836668;28.728524950626664;198;225
70;-81.6020009822219;28.727442792271468;145;23
71;-81.59913806995213;28.725006123923983;227;226
72;-81.57125667956298;28.6989935279186;229;228
73;-81.51953837804602;28.67791338281863;151;230
74;-81.51908469863373;28.650476326359616;114;231
75;-81.49741560707965;28.640494640598323;233;232
76;-81.51170081724752;28.67310046601377;47;234
77;-81.50119129969195;28.673137432107087;235;6
78;-81.48559229660529;28.672908861467693;237;236
79;-81.48891684147475;28.67311986512477;239;238
80;-81.52724121622089;28.682326851234514;240;169
81;-81.52379276674522;28.680873140210803;242;241
82;-81.52613302300966;28.68226944309712;166;242
83;-81.52297084985454;28.680291130103882;243;176
84;-81.48227776030848;28.673114;244;183
85;-81.57113567110409;28.69918000581645;196;245
86;-81.58387285691295;28.711780247343334;246;135
87;-81.50378039381081;28.642954375378686;248;247
88;-81.48236808202452;28.67289306406968;250;249
89;-81.5666379773765;28.697578125421384;252;251
90;-81.56449335841035;28.696895982692144;251;67
91;-81.51977293026945;28.678203805754215;37;253
92;-81.48615581391168;28.666316620771997;74;254
93;-81.48161674885145;28.673108967217615;255;244
94;-81.50507989515754;28.643168892919967;256;133
95;-81.56134866969307;28.695829228409607;81;257
96;-81.61799662142685;28.746282376554856;259;258
97;-81.6159504545838;28.74023706096394;261;260
98;-81.61376975574198;28.736690879111816;223;262
99;-81.52618528522683;28.67040523578879;264;263
100;-81.51168158075936;28.645725432334867;266;265
101;-81.55046689505981;28.691393128224227;267;160
102;-81.55323609289945;28.692280333455816;269;268
103;-81.48370607655716;28.634415011036896;271;270
104;-81.53056968422126;28.655245561765238;93;272
105;-81.50696881511351;28.643994397454858;274;273
106;-81.50607525091375;28.64350658866273;276;275
107;-81.5332741339189;28.65189534466603;277;94
108;-81.49222916950936;28.635537723640862;270;278
109;-81.624036868838;28.75482550556021;280;279
110;-81.6243173228908;28.77843707275083;282;281
111;-81.62436757811946;28.77951113800872;283;282
112;-81.58282085641652;28.710365470393544;284;246
113;-81.55012010556304;28.691291656860503;285;267
114;-81.52010398451948;28.678428578673792;287;286
115;-81.50890779045045;28.673151257497224;124;201
116;-81.50942110275996;28.673051;289;288
117;-81.49799880397761;28.673201587304913;128;290
118;-81.4987839887059;28.673115348531766;53;291
119;-81.49333353780612;28.670528259308785;293;292
120;-81.49284995517858;28.670173880989804;294;293
121;-81.5270991756379;28.682605196827986;295;240
122;-81.5083689197856;28.644059516360286;297;296
123;-81.51022793180935;28.64483277449833;299;298
124;-81.50559500802937;28.643522270690458;300;274
125;-81.60307691260215;28.728385394363126;301;24
126;-81.56282664349327;28.6963823953804;303;302
127;-81.51633663323031;28.675777840718084;305;304
128;-81.49209092787683;28.67293097475595;307;306
129;-81.48283800199218;28.663935351437967;309;308
130;-81.61470794958727;28.73816736136902;9;310
131;-81.61300313260642;28.73635847054477;311;222
132;-81.48239343129504;28.66360748109597;312;309
133;-81.4773108313977;28.6599041887794;313;312
134;-81.55066054780544;28.691302096139246;161;212
135;-81.50409914852436;28.643052685090172;247;314
136;-81.58462286199871;28.71231102141459;316;315
137;-81.49657639637805;28.67234051585224;154;317
138;-81.5365378960145;28.62430865873828;214;318
139;-81.60197486673955;28.72725997309914;319;199
140;-81.62441913022855;28.7625683628389;216;320
141;-81.61922945639475;28.748103710155824;322;321
142;-81.5792896341634;28.70543841380196;323;26
143;-81.56759070832366;28.69806819074304;177;324
144;-81.54738974542224;28.690350176423443;325;31
145;-81.53505157517394;28.68582996820027;326;36
146;-81.5154930418522;28.67522151861615;304;42
147;-81.4903559575025;28.668556034133307;328;327
148;-81.4853941986334;28.66551337971038;329;44
149;-81.51270599976235;28.67370160715375;331;330
150;-81.5200669472098;28.67827888449947;332;152
151;-81.48102992715162;28.63430404209481;333;271
152;-81.48868362560542;28.673124;51;239
153;-81.51147883829478;28.67306819538944;334;234
154;-81.49691889655364;28.64012422844984;336;335
155;-81.52670404279621;28.671719707988448;338;337
156;-81.55013978877173;28.691135286528976;211;173
157;-81.56269612025618;28.696488020766267;257;339
158;-81.56281017364395;28.69652841236139;339;340
159;-81.53008202949647;28.683880236704365;342;341
160;-81.4927734361883;28.67011934161383;68;294
161;-81.49152606391529;28.66917138340765;327;343
162;-81.4876058616322;28.667314635218403;254;202
163;-81.48090142410327;28.67311013375286;344;255
164;-81.56086927843623;28.695419948158616;302;345
165;-81.62463579147379;28.78088623525689;347;346
166;-81.49472414359433;28.637540996610273;349;348
167;-81.50948779545021;28.673051;288;350
168;-81.52830901412653;28.68255297417975;352;351
169;-81.52831129681473;28.682543885967082;351;84
170;-81.51096667112331;28.64524120921067;298;353
171;-81.51162554525003;28.645493474157036;85;298
172;-81.55168692137674;28.691742910964656;159;269
173;-81.52514412536766;28.65288401985001;355;354
174;-81.52737137842897;28.662382261934884;357;356
175;-81.52677799102233;28.66711713767704;359;358
176;-81.52651436184576;28.670121944972102;337;358
177;-81.50614005255359;28.64395270419318;104;360
178;-81.52754447794133;28.682103631795567;362;361
179;-81.47711850743237;28.67310350543807;363;171
180;-81.51057464493168;28.64542654730182;265;97
181;-81.62206127492499;28.751537652568597;365;364
182;-81.62446150198883;28.781475581542217;366;283
183;-81.57068856722022;28.698817265101436;228;367
184;-81.54945088038333;28.691095667249698;146;285
185;-81.53138112033423;28.684601853611998;369;368
186;-81.5282681212516;28.683173974221514;371;370
187;-81.52694219623943;28.68292679536037;372;295
188;-81.51998648492722;28.678350679526204;253;287
189;-81.49320125582148;28.67308218648722;374;373
190;-81.50875288529315;28.64419525786289;296;299
191;-81.54226506383324;28.688618946457176;375;162
192;-81.49582613549059;28.672720507618248;377;376
193;-81.49477510125945;28.672887594963253;379;378
194;-81.5477482480062;28.690446033058922;29;325
195;-81.62432307667345;28.768058419189558;380;217
196;-81.61319083895317;28.73625373654986;382;381
197;-81.60062909071122;28.726263707833496;144;227
198;-81.59709173694084;28.723269167814586;226;383
199;-81.58007522877992;28.706169827572126;385;384
200;-81.5911785988081;28.718329221468537;386;28
201;-81.5698700270874;28.698571923295887;367;387
202;-81.55640628016529;28.69322984149187;389;388
203;-81.48782016108157;28.66722043295866;43;150
204;-81.52019419227416;28.67836083414063;390;332
205;-81.47982263059569;28.63429139657769;333;391
206;-81.48856200430238;28.672906238624144;393;392
207;-81.48692217770089;28.673106860978866;394;52
208;-81.48481227122889;28.67311472172045;395;394
209;-81.4899584377476;28.67310802628357;396;120
210;-81.5272061366898;28.66327941498992;356;397
211;-81.49593219608926;28.672771789732117;398;377
212;-81.57995883232837;28.706349870498407;399;158
213;-81.62470697484072;28.782771756230193;346;22
214;-81.52694285385698;28.682647720635792;167;240
215;-81.47987090660797;28.673111;170;400
216;-81.5020146858106;28.642231133415912;401;207
217;-81.50217300954722;28.642483785052022;403;402
218;-81.5427097827528;28.64343428536483;405;404
219;-81.58312228426132;28.710429055241907;407;406
220;-81.49557846238162;28.63842145245394;408;349
221;-81.4818569827393;28.67289402712695;210;250
222;-81.53630241714329;28.68650806427988;118;409
223;-81.51897099230743;28.67752926233324;230;410
224;-81.5231788889194;28.680437878565304;241;411
225;-81.56415406424325;28.697000210955135;412;179
226;-81.53162523885348;28.68449913966192;35;342
227;-81.48466539603422;28.673113925163904;182;395
228;-81.57776718516008;28.703343458634244;25;413
229;-81.60067295720948;28.726135713591585;194;319
230;-81.61931742559608;28.747891574628614;258;414
231;-81.54297411779224;28.636703697337374;415;73
232;-81.61365186097017;28.736595475175573;381;224
233;-81.583240031123;28.71059442378394;407;315
234;-81.55679016248882;28.693374154463967;388;416
235;-81.51764619251816;28.64957401966861;417;156
236;-81.49848227775186;28.640835374202737;206;418
237;-81.52789199051409;28.677281717540446;95;338
238;-81.50517008343417;28.643583794740447;360;419
239;-81.54345481908177;28.6414312293937;192;405
240;-81.62427772796077;28.769172984863005;420;380
241;-81.48369518936383;28.63408917119704;99;153
242;-81.62428224553199;28.776813881492817;281;421
243;-81.5696752996669;28.698714674019143;324;197
244;-81.52703906884727;28.682696325919945;295;167
245;-81.51020687501503;28.673154670489016;422;331
246;-81.49605605705389;28.672717543660966;423;377
247;-81.49843314726;28.67304904264348;291;423
248;-81.49327898918837;28.67308236025686;373;109
249;-81.48491128117602;28.665429486470835;424;75
250;-81.50027662600486;28.641898816250063;425;403
251;-81.56327209981987;28.69653316710887;66;303
252;-81.53540473396197;28.685965846284645;174;326
253;-81.50005128841684;28.673028021446928;208;426
254;-81.49606605655292;28.67288063554755;427;398
255;-81.48454672671471;28.665171296150078;424;428
256;-81.53802354011333;28.6475741181874;430;429
257;-81.53633813334463;28.621495134530893;431;17
258;-81.62456100166682;28.778612978480364;78;347
259;-81.62435593190192;28.77395806657246;432;139
260;-81.62441711819791;28.7713413941011;433;432
261;-81.62150507582949;28.75086329290993;364;434
262;-81.61776349284433;28.74631774821593;321;435
263;-81.57447539919069;28.700074227322723;107;436
264;-81.60595728671608;28.73085551347741;438;437
265;-81.60505464522957;28.730073667675672;437;301
266;-81.5943865209051;28.721029389843583;439;386
267;-81.52698638553046;28.662788773041214;440;14
268;-81.5552090390019;28.692811955317925;441;389
269;-81.55390924397629;28.69251616303269;268;442
270;-81.52772126275595;28.660878844233206;444;443
271;-81.51805859204296;28.67691793745773;410;445
272;-81.5178024804769;28.676745320317934;445;305
273;-81.49464501501261;28.672896986331338;446;378
274;-81.48690199312819;28.672909;236;393
275;-81.48973005930011;28.673117;238;396
276;-81.5198851712732;28.650953614088333;231;148
277;-81.51499837785327;28.647358123321343;188;90
278;-81.57945021575986;28.70565409813827;157;323
279;-81.58123636320327;28.707784535913937;447;385
280;-81.49735495980727;28.64026485335238;418;408
281;-81.47931252610783;28.672898063127594;448;59
282;-81.52767658134273;28.66110223931602;443;357
283;-81.57745950436214;28.702920179111402;413;449
284;-81.59092027792812;28.717827498122052;450;102
285;-81.52202361957399;28.67979249096199;64;451
286;-81.5668630470243;28.697671137861306;452;252
287;-81.52988376350937;28.68402831994031;453;369
288;-81.54151084698587;28.633756321177543;455;454
289;-81.49919161119165;28.673151864660802;54;456
290;-81.5051291340916;28.643371719164843;314;300
291;-81.53818132308149;28.628662231284334;318;457
292;-81.62444465049381;28.7759421967161;138;79
293;-81.54376163041755;28.64132420039899;60;415
294;-81.52749579850052;28.67808901517031;459;458
295;-81.50977561290878;28.673052416657008;350;334
296;-81.60637300732307;28.731211684191234;184;460
297;-81.4975336208329;28.64056782161365;232;425
298;-81.50510067862103;28.64355642577146;419;461
299;-81.50322113947223;28.642785536222227;462;248
300;-81.53264188006665;28.65210602666525;464;463
301;-81.5074609052106;28.64417075596361;273;465
302;-81.50781907818887;28.644126758223003;466;276
303;-81.47787613117933;28.634280872370496;467;391
304;-81.52746569624007;28.6822701055035;361;468
305;-81.62425483676188;28.776171767504735;421;106
306;-81.62457729249282;28.78462374414161;469;366
307;-81.55674696459525;28.693525029042664;442;82
308;-81.52624477540456;28.68258820279383;180;372
309;-81.52983988856589;28.684011849440253;372;453
310;-81.50787750955546;28.673043208686554;470;289
311;-81.52727027568922;28.68279180797254;471;295
312;-81.50437969228004;28.642804597574855;472;205
313;-81.50963570495864;28.64477019638592;353;466
314;-81.50713882940866;28.64363013242667;473;297
315;-81.52874122490454;28.658058005022273;272;444
316;-81.47795570169457;28.660134728865845;474;46
317;-81.49120012035021;28.673097608298185;475;374
318;-81.54556318532647;28.68976740959806;32;375
319;-81.50415328360803;28.673036252262936;477;476
320;-81.5063671915088;28.67303375437613;478;470
321;-81.48975362664726;28.672905924557366;479;71
322;-81.495440141302;28.67216205844722;377;137
323;-81.49534872298389;28.672822922253065;376;379
324;-81.49673665523366;28.67310642809692;128;427
325;-81.61381218000825;28.737005917197656;310;12
326;-81.53784117289784;28.64770931763359;463;430
327;-81.5401818674986;28.64571467600223;404;429
328;-81.50310706453718;28.64275280006343;480;248
329;-81.62444683113156;28.756529547224723;218;481
330;-81.53998383307386;28.63145443201615;457;455
331;-81.49718057989867;28.672607976079217;317;209
332;-81.62449312657967;28.768981113682003;140;433
333;-81.62460060071487;28.785123312978083;482;469
334;-81.62035041560783;28.749453809007367;434;322
335;-81.61677523628853;28.74426466466828;435;10
336;-81.60960228650475;28.73378982831231;141;382
337;-81.56755203515714;28.69787825405427;387;452
338;-81.49892125183108;28.673163305115537;290;54
339;-81.48281607691024;28.67289357054822;249;483
340;-81.51370051746314;28.674177395806385;330;40
341;-81.5029869518657;28.642526655216198;130;401
342;-81.5030678943378;28.64274113945798;402;480
343;-81.49280669976895;28.672938437377873;306;127
344;-81.49668593437735;28.639884077283234;186;336
345;-81.5527915466938;28.691970463219413;87;484
346;-81.52304969911597;28.68034457249891;411;243
347;-81.52296887492997;28.680517656197477;451;485
348;-81.52073461067798;28.67886982155995;486;65
349;-81.5379604669403;28.647965812419432;487;277
350;-81.53808500273875;28.647869455515035;213;487
351;-81.52736485629693;28.661123765758436;13;488
352;-81.5274169390295;28.66088704594306;488;117
353;-81.50040903196636;28.67313791344568;456;235
354;-81.4806261774212;28.673111;400;344
355;-81.57823485620092;28.70357998349808;384;63
356;-81.61734328816551;28.74529506271794;489;259
357;-81.61504781463407;28.738276373404325;262;261
358;-81.52348194442634;28.680903955188647;490;181
359;-81.55862356899746;28.694269452471673;416;491
360;-81.5122444144785;28.64594178020523;265;189
361;-81.58224625173153;28.709533275617776;492;284
362;-81.53026280388218;28.652745809065305;147;464
363;-81.526194631232;28.652940145750552;355;98
364;-81.51860557893848;28.650349590811434;190;417
365;-81.50496777978724;28.643505529364788;461;462
366;-81.57174501942742;28.69914094127151;436;229
367;-81.49715444954475;28.64030977496816;335;233
368;-81.52762134422039;28.68193314228912;493;362
369;-81.53214471928868;28.652710066836335;464;94
370;-81.5958244181765;28.722161085249976;383;439
371;-81.49376569831138;28.670846658438037;292;136
372;-81.47773241007792;28.67288598799256;448;494
373;-81.50328141330824;28.64258674971171;131;472
374;-81.50571140388402;28.643139908417737;76;473
375;-81.50566975055848;28.643366416291773;275;256
376;-81.49087692819027;28.67310679265532;1;475
377;-81.50317190177732;28.67303188701742;3;477
378;-81.50476147509747;28.673035874163013;476;478
379;-81.48345380305281;28.664358104283473;308;428
380;-81.61351575210476;28.736737676316725;11;311
381;-81.52681470126414;28.663959411547168;263;440
382;-81.53605951119701;28.62158879872046;495;215
383;-81.62459854196325;28.759432922240077;481;20
384;-81.62144578117689;28.75045680480829;496;221
385;-81.62088202821512;28.74977447081057;414;496
386;-81.60479002626244;28.729687823689165;225;142
387;-81.55373691448153;28.69230029671727;484;441
388;-81.53503392308416;28.686027545366347;368;119
389;-81.50096874891834;28.67303450555087;426;121
390;-81.48914337005684;28.667938516716532;149;328
391;-81.50951955711149;28.673150279592182;200;422
392;-81.48441088518175;28.672901469273846;483;237
393;-81.49415534428354;28.672921032254504;126;446
394;-81.58087761109196;28.707679318640256;492;399
395;-81.55936764100423;28.69466068711753;345;497
396;-81.53832828454058;28.687302604962614;409;164
397;-81.52709002039498;28.675254717788953;264;458
398;-81.52744580284977;28.68187462720198;168;459
399;-81.52105012974732;28.678949140118597;175;498
400;-81.52037870277273;28.678620091321537;286;486
401;-81.52045009145286;28.678536374942688;498;499
402;-81.52026243526214;28.678406599614053;499;390
403;-81.56339633457694;28.696738998602406;340;412
404;-81.52307359229731;28.680596457122686;485;490
405;-81.49280844417079;28.669941825075714;343;111
406;-81.49039788894528;28.672911110082826;70;500
407;-81.49089756847752;28.672915991583782;500;307
408;-81.54163445299555;28.633953131061237;454;193
409;-81.61614060568907;28.74133666847178;260;489
410;-81.48890682895151;28.672905313608023;392;479
411;-81.52957746019237;28.683682129683554;341;371
412;-81.60614552875518;28.731008289122094;460;438
413;-81.5588114250262;28.694366623448964;497;491
414;-81.58264824179595;28.709756750604125;406;447
415;-81.53189850745022;28.6527419729966;98;464
416;-81.52115167519241;28.651611595292678;354;191
417;-81.49240653062607;28.635654176589913;278;187
418;-81.52699903235619;28.664741921736695;397;359
419;-81.52805534185919;28.67957949204662;95;493
420;-81.52780670507511;28.683005592070813;370;471
421;-81.62424680864996;28.769862719744197;195;420
422;-81.49277794877639;28.635661751616535;348;103
423;-81.62434738188199;28.758648740660345;320;280
424;-81.62319671599839;28.752982352584674;279;365
425;-81.58549509615028;28.713096287639175;316;450
426;-81.57336866948204;28.70014372871379;245;449
427;-81.48440434240386;28.664795931747953;45;329
428;-81.49344078350532;28.670366716653568;110;203
429;-81.50951459618206;28.644915980753186;465;266
430;-81.49052950715684;28.67311857474093;1;501
431;-81.49050521413773;28.67311904417125;501;2
432;-81.49044174957277;28.673120270539656;2;501
433;-81.49054340547553;28.673118306174388;501;1
434;-81.50302599129535;28.67303283757926;3;502
435;-81.50247679412018;28.673036517292328;502;4
436;-81.50206820063217;28.673039254937137;4;502
437;-81.50304443897383;28.673032713976724;502;3
438;-81.50365102597287;28.673134935627573;5;503
439;-81.50213704389976;28.673138316561186;503;6
440;-81.50204153070769;28.673138529855496;6;503
441;-81.50335225240315;28.67313560283072;503;5
442;-81.4955832819993;28.673174202938355;7;504
443;-81.4940605910924;28.67310203749253;504;8
444;-81.49471614945696;28.673133106609335;8;504
445;-81.49634024703026;28.673210078058307;504;7
446;-81.61566436566163;28.740232431410913;9;505
447;-81.61591591918105;28.741379104360316;505;10
448;-81.61596169434834;28.741587764315543;10;505
449;-81.61552048724789;28.739576580976305;505;9
450;-81.61361566316268;28.736821566763666;11;506
451;-81.61366146097554;28.736866159370923;506;12
452;-81.61368049749882;28.736884694933064;12;506
453;-81.61361667678952;28.736822553716113;506;11
454;-81.52727520066095;28.66149374324602;13;507
455;-81.52713747153089;28.662026260836633;507;14
456;-81.52712497236949;28.66207458774696;14;507
457;-81.52720355116692;28.661770769724846;507;13
458;-81.53910560152157;28.629623733496746;15;508
459;-81.5402494962584;28.63136455621245;508;16
460;-81.54078327267754;28.632176877561303;16;508
461;-81.53902492297543;28.62950095380271;508;15
462;-81.53663238088366;28.62294236687916;17;509
463;-81.53718719960477;28.625313151608342;509;18
464;-81.53706205697613;28.624778407156384;18;509
465;-81.53644579561207;28.62214507310421;509;17
466;-81.62462747748684;28.762660669252252;19;510
467;-81.6246209272964;28.76205181345564;510;20
468;-81.62462189671095;28.76214192284561;20;510
469;-81.62462490237176;28.76242130617531;510;19
470;-81.62483712099527;28.785723986611806;21;511
471;-81.62481101883286;28.785144814102516;511;22
472;-81.62479784139697;28.784852424204413;22;511
473;-81.62482320541037;28.78541521816212;511;21
474;-81.6023700745668;28.72777069209111;23;512
475;-81.60254734849275;28.72792209919906;512;24
476;-81.60252945455134;28.727906816241326;24;512
477;-81.6021628197656;28.727593678749216;512;23
478;-81.57852124246786;28.704411856304713;25;513
479;-81.57873044838576;28.704689225626197;513;26
480;-81.57879206755716;28.70477092153583;26;513
481;-81.5783516412737;28.704186995705086;513;25
482;-81.58941992780028;28.716835047835936;27;514
483;-81.58944146016522;28.716852735135713;514;28
484;-81.58944101490962;28.716852369390043;28;514
485;-81.58941687919972;28.71683254362834;514;27
486;-81.54799726008976;28.69051275594345;29;515
487;-81.548501451807;28.690655998103118;515;30
488;-81.54870613327807;28.690714148633877;30;515
489;-81.54827318974745;28.690591148266712;515;29
490;-81.54692766379308;28.690226788057185;31;516
491;-81.54690736603985;28.69022282751997;516;32
492;-81.54690095937818;28.690221577439644;32;516
493;-81.54693826051661;28.690228855710558;516;31
494;-81.54769734357049;28.69060058742699;33;517
495;-81.54737624999308;28.69050380619751;517;34
496;-81.54699349441998;28.690388439346343;34;517
497;-81.54746845521557;28.69053159789259;517;33
498;-81.53266536003258;28.68491686525791;35;518
499;-81.53324239666401;28.68513662292114;518;36
500;-81.53367063571119;28.685299712761864;36;518
501;-81.53300375613888;28.685045739463664;518;35
502;-81.5194652814594;28.67799208103016;37;519
503;-81.5194451906892;28.67797789931001;519;38
504;-81.51943735458774;28.677972367944285;38;519
505;-81.51946767021535;28.67799376721083;519;37
506;-81.51566769963982;28.675452757566124;39;520
507;-81.51470096249328;28.674829946274976;520;40
508;-81.51458390153223;28.674754530854607;40;520
509;-81.51478578129058;28.674884589985375;520;39
510;-81.51371365645919;28.674061714338553;41;521
511;-81.51387912254876;28.674160460230713;521;42
512;-81.51382613829011;28.674128840592495;42;521
513;-81.51370770692965;28.67405816381286;521;41
514;-81.48731500803413;28.666881948766154;43;522
515;-81.4865938384769;28.666380681289823;522;44
516;-81.48636735225384;28.666223256206738;44;522
517;-81.48761246239371;28.667088702080488;522;43
518;-81.48283733004338;28.663688452786687;45;523
519;-81.48229887558813;28.663296408816564;523;46
520;-81.48198216300037;28.66306581315693;46;523
521;-81.48332651620359;28.664044624942953;523;45
522;-81.51245316992551;28.67332648859091;47;524
523;-81.513048826682;28.67367365868555;524;48
524;-81.51354436007568;28.673962473297845;48;524
525;-81.51272073558945;28.673482435444303;524;47
526;-81.51806866731054;28.677023200424962;49;525
527;-81.51769289801848;28.676775192692194;525;50
528;-81.51765268685833;28.6767486533265;50;525
529;-81.51805236098166;28.6770124382479;525;49
530;-81.48823207519462;28.67311523866921;51;526
531;-81.4875774202251;28.673101612366676;526;52
532;-81.48790001081235;28.673108326921888;52;526
533;-81.48813653596564;28.673113250069875;526;51
534;-81.49888809830561;28.673129169210046;53;527
535;-81.49896253864863;28.673139061614435;527;54
536;-81.49903224560838;28.67314832499779;54;527
537;-81.49887107344156;28.673126906769642;527;53
538;-81.54559110822782;28.68994738946018;34;528
539;-81.54422638954301;28.68951732494123;528;55
540;-81.54413997643265;28.689490093532182;55;528
541;-81.5458606192527;28.690032320611596;528;34
542;-81.53716143053101;28.68665814305699;56;529
543;-81.537791477207;28.686905392449752;529;57
544;-81.53850816695802;28.687186643208626;57;529
545;-81.53712276874819;28.686642971002776;529;56
546;-81.48047678758017;28.672896;58;530
547;-81.48035132163326;28.672896;530;59
548;-81.48037751921333;28.672896;59;530
549;-81.48043978598804;28.672896;530;58
550;-81.54324021604654;28.643072475184766;60;531
551;-81.54313002319788;28.643307939903504;531;61
552;-81.54313502491762;28.64329725201815;61;531
553;-81.54324149536137;28.643069741490965;531;60
554;-81.57693549050371;28.701849584178362;62;532
555;-81.57794142379265;28.703178879295447;532;63
556;-81.57742997155977;28.702503018417513;63;532
557;-81.57733044136131;28.702371493784366;532;62
558;-81.52154056949594;28.679429369486666;64;533
559;-81.52141102585264;28.679339475883722;533;65
560;-81.52143326896405;28.67935491094;65;533
561;-81.52152265508381;28.67941693822405;533;64
562;-81.56415655641953;28.69679951810947;66;534
563;-81.56437731117646;28.696861757336094;534;67
564;-81.5643809896032;28.696862794425567;67;534
565;-81.56399443922014;28.69675381105766;534;66
566;-81.49240823246761;28.66988923287176;68;535
567;-81.49227980935909;28.66981294995105;535;69
568;-81.49224461692346;28.669792045755486;69;535
569;-81.49253400916558;28.66996394383295;535;68
570;-81.49030071025703;28.672910255761405;70;536
571;-81.48993951133406;28.672907103938343;536;71
572;-81.48986739804631;28.672906474677543;71;536
573;-81.49022049949377;28.672909555842004;536;70
574;-81.54175030694867;28.63362503726088;72;537
575;-81.54178349164737;28.633678616722314;537;73
576;-81.54175648146698;28.633635006535215;73;537
577;-81.541712572622;28.633564112045942;537;72
578;-81.48591729622309;28.666147920892897;74;538
579;-81.48576758517791;28.66602949275267;538;75
580;-81.48582581931832;28.66607555856524;75;538
581;-81.48593627621942;28.666162934919836;538;74
582;-81.50560229021431;28.64311012654475;76;539
583;-81.50536409401074;28.643045928683197;539;77
584;-81.50535740901054;28.64304412696381;77;539
585;-81.50558744019428;28.64310612421593;539;76
586;-81.62451535647614;28.77776933165293;78;540
587;-81.62450826418171;28.77761589835376;540;79
588;-81.62450351150413;28.77751307986414;79;540
589;-81.6245265377733;28.778011225631072;540;78
590;-81.62463835706302;28.764258507645682;80;541
591;-81.62463302554615;28.763179171674036;541;19
592;-81.62463450798764;28.76347928371866;19;541
593;-81.62464193764013;28.76498337559356;541;80
594;-81.55973087868144;28.69502241296588;81;542
595;-81.55927234014823;28.694766543397616;542;82
596;-81.55894524431592;28.69458402030888;82;542
597;-81.55985152957588;28.69508973749814;542;81
598;-81.5283537750836;28.68240871973249;83;543
599;-81.52834033331918;28.682451733378652;543;84
600;-81.52834059316899;28.682450901859227;84;543
601;-81.52835617776618;28.6824010311482;543;83
602;-81.51350694958695;28.646241857119108;85;544
603;-81.51368264413759;28.646331135131806;544;86
604;-81.51370761155782;28.646343822159675;86;544
605;-81.51352024254673;28.646248611847852;544;85
606;-81.55183779899643;28.691635829725577;87;545
607;-81.55165345706591;28.691571610356295;545;88
608;-81.55178173204746;28.69161629763057;88;545
609;-81.5519258742616;28.69166651258738;545;87
610;-81.51569461246167;28.64787520530556;89;546
611;-81.51528526037839;28.647533082579017;546;90
612;-81.51532231279594;28.64756404974552;90;546
613;-81.51557242564738;28.647773085668792;546;89
614;-81.51569004109831;28.647590014815528;91;547
615;-81.5157900360718;28.647668499242396;547;92
616;-81.5158682117634;28.647729858070107;92;547
617;-81.51558419278642;28.647506936198642;547;91
618;-81.53224974977917;28.652767911998538;93;548
619;-81.5322653366902;28.65275140821039;548;94
620;-81.53227568862074;28.652740447342744;94;548
621;-81.53221138438312;28.652808534182586;548;93
622;-81.52830851104648;28.679268618602894;95;549
623;-81.52834476141989;28.68129863951428;549;83
624;-81.52833929996584;28.680992798086926;83;549
625;-81.5283109958207;28.679407765960196;549;95
626;-81.5092331996978;28.645035537403196;96;550
627;-81.50974293287601;28.645184369708826;550;97
628;-81.5098103043714;28.64520404089254;97;550
629;-81.50892615744795;28.644945886958755;550;96
630;-81.5320332898562;28.652808094769338;93;551
631;-81.53186584052095;28.652806289385673;551;98
632;-81.53187163631807;28.65280635187405;98;551
633;-81.53220646499467;28.652809961886735;551;93
634;-81.48676519966548;28.634397477442725;99;552
635;-81.48979219219635;28.634816245701693;552;100
636;-81.49007666977944;28.63485560165681;100;552
637;-81.48801563154244;28.634570468018264;552;99
638;-81.59686984336604;28.722873515556383;101;553
639;-81.59460104339888;28.72098386200035;553;102
640;-81.59463925931658;28.721015691533932;102;553
641;-81.59653327753108;28.7225931943134;553;101
642;-81.49194689689229;28.635122867109157;100;554
643;-81.49256864987663;28.635522742863397;554;103
644;-81.49245311954746;28.635448440401365;103;554
645;-81.49207310982675;28.635204040008418;554;100
646;-81.5070244608259;28.644271884850212;104;555
647;-81.50855469890041;28.64482284164823;555;96
648;-81.50787407299902;28.644577784703483;96;555
649;-81.5071524047045;28.644317950590473;555;104
650;-81.6241736889603;28.774601823298052;105;556
651;-81.62420084451084;28.775130017879793;556;106
652;-81.62420723887259;28.77525439271875;106;556
653;-81.62415841201238;28.774304675902673;556;105
654;-81.57541433832176;28.700599894215546;107;557
655;-81.57576934805553;28.70084517730853;557;108
656;-81.57643045282761;28.701301947385122;108;557
657;-81.57519282152012;28.70044684397188;557;107
658;-81.49365324170508;28.673084;8;558
659;-81.49359873337939;28.673084;558;109
660;-81.49360659502466;28.673084;109;558
661;-81.49364891028227;28.673084;558;8
662;-81.49294376588115;28.670032966629343;110;559
663;-81.49290279388032;28.670004063900073;559;111
664;-81.49286771095875;28.66997931548253;111;559
665;-81.49295763383657;28.670042749450598;559;110
666;-81.47963362377904;28.63408123465354;112;560
667;-81.47990454929541;28.63408246613316;560;113
668;-81.4798544801257;28.634082238546025;113;560
669;-81.47966640556693;28.634081383661666;560;112
670;-81.51811105212612;28.649728489114977;114;561
671;-81.51771040441305;28.6493840265989;561;115
672;-81.51748717749116;28.649192104107733;115;561
673;-81.5179493894907;28.649589497386497;561;114
674;-81.52795918104431;28.659303092852806;116;562
675;-81.52786347494482;28.65958061946068;562;117
676;-81.52776430017009;28.659868204462704;117;562
677;-81.52824704990124;28.658468336574934;562;116
678;-81.53575608646348;28.68630534088918;118;563
679;-81.53561427284806;28.686252920499197;563;119
680;-81.53553150440628;28.686222325735894;119;563
681;-81.53591501215743;28.686364086636765;563;118
682;-81.49027151394843;28.673115119418075;2;564
683;-81.49004728808022;28.673105166833846;564;120
684;-81.49005362761407;28.67310544822308;120;564
685;-81.49022278744367;28.673112956622823;564;2
686;-81.50189922283678;28.67303614818912;4;565
687;-81.50187601446287;28.673034600964193;565;121
688;-81.50187009799346;28.673034206532897;121;565
689;-81.50194442392137;28.673039161594758;565;4
690;-81.5172984423444;28.67651698746689;122;566
691;-81.51627188540304;28.675846678596503;566;123
692;-81.51591796964962;28.6756155829219;123;566
693;-81.5172888279657;28.67651070958491;566;122
694;-81.50667169380715;28.673148652145233;124;567
695;-81.50630427734903;28.673147073745174;567;125
696;-81.50595509578491;28.673145573681175;125;567
697;-81.50736935667318;28.673151649264945;567;124
698;-81.49337825579285;28.67293250146867;126;568
699;-81.49320632149545;28.67293301241755;568;127
700;-81.49296291146794;28.67293373577573;127;568
701;-81.49337652534385;28.67293250661116;568;126
702;-81.49701152304806;28.673233808850632;128;569
703;-81.49689416897998;28.673230593670684;569;129
704;-81.50302919311277;28.642539558623522;130;570
705;-81.5030957861272;28.642559774360045;570;131
706;-81.50379793358758;28.642772455659347;132;571
707;-81.50497102558792;28.64313511221879;571;133
708;-81.58445013777407;28.71239974092685;134;572
709;-81.58417213281636;28.712123862202088;572;135
710;-81.49515283114994;28.67187536728783;136;573
711;-81.49527053054119;28.671957523793612;573;137
712;-81.6243939707985;28.774712939850293;138;574
713;-81.62437763831389;28.774391656545923;574;139
714;-81.62451856759508;28.768385362407557;140;575
715;-81.62457893267583;28.766727782005102;575;80
716;-81.60928613776014;28.733526605418664;141;576
717;-81.60703638537213;28.731618754364586;576;142
718;-81.60123810860239;28.72677314266605;143;577
719;-81.60121809843464;28.726757285551976;577;144
720;-81.60154046763498;28.727032609040506;143;578
721;-81.60176508559483;28.727227225304496;578;145
722;-81.58620318161786;28.713969549853164;134;579
723;-81.58908212314054;28.71653443574105;579;27
724;-81.54871383544547;28.690883638270442;146;580
725;-81.54827714716468;28.690764866202255;580;33
726;-81.52575915349463;28.652806741570082;147;581
727;-81.52066086599741;28.65127616009267;581;148
728;-81.48844758664245;28.667574486319133;149;582
729;-81.48812259341555;28.66739569716924;582;150
730;-81.51360888697164;28.67399964969808;41;583
731;-81.51359405779422;28.673991175882417;583;48
732;-81.5135986230021;28.67399378457263;48;583
733;-81.51361512589645;28.674003214797974;583;41
734;-81.51974166646455;28.678053734003946;151;584
735;-81.51986152428687;28.678136227241968;584;152
736;-81.48122631737488;28.63409657900617;113;585
737;-81.48247555233026;28.634110664470285;585;153
738;-81.49527374838007;28.671607576867515;154;586
739;-81.49488702780269;28.67133487709919;586;155
740;-81.51623428225724;28.648341670952174;89;587
741;-81.5170603552988;28.649062837785383;587;156
742;-81.57974123503945;28.706040579074724;157;588
743;-81.5798066628725;28.70612048209207;588;158
744;-81.55155886944102;28.691703131685973;159;589
745;-81.55085890984239;28.691505016888332;589;160
746;-81.55086885783825;28.69136179263652;161;590
747;-81.55122466658297;28.691455779852106;590;88
748;-81.53906124271357;28.68739802898206;57;591
749;-81.54070568257445;28.68801829500038;591;162
750;-81.5413861851863;28.68847326282042;163;592
751;-81.53940671403606;28.68771924722568;592;164
752;-81.54299117469425;28.6891124698777;55;593
753;-81.54274513352325;28.689014053409302;593;165
754;-81.54246880367205;28.68890385702793;165;594
755;-81.54188548726137;28.688671359168904;594;163
756;-81.52652163403879;28.68246292390425;166;595
757;-81.52672644644775;28.682556833524078;595;167
758;-81.52740640314394;28.681985944146845;168;596
759;-81.52736927964355;28.682083172362155;596;169
760;-81.47848873142382;28.673109403189805;170;597
761;-81.47776881100151;28.67310693770891;597;171
762;-81.54305438044672;28.64344108917167;61;598
763;-81.54301117657987;28.643510455380095;598;172
764;-81.5032545856271;28.642607794369606;131;599
765;-81.50360688148427;28.642714276075633;599;132
766;-81.54902865368405;28.690806454848286;30;600
767;-81.54980334067363;28.691033390827105;600;173
768;-81.53614818310035;28.68624428642346;174;601
769;-81.53658771083656;28.68643013175243;601;56
770;-81.52130830404758;28.67912587027297;175;602
771;-81.52160316457257;28.67932501691027;602;176
772;-81.56676910435355;28.697810763648835;177;603
773;-81.56632309914718;28.697666311216324;603;178
774;-81.56563330166613;28.6974541613414;178;604
775;-81.56474842336985;28.697182928929877;604;179
776;-81.52502991923504;28.681874365540292;180;605
777;-81.52477704174336;28.681723238839425;605;181
778;-81.4830845220535;28.673102827507318;182;606
779;-81.48264171293084;28.673110086673265;606;183
780;-81.57662313554185;28.70144115639445;108;607
781;-81.57664306160059;28.70146414800069;607;62
782;-81.5766328200021;28.70145233077167;62;607
783;-81.57661644336906;28.701433434656607;607;108
784;-81.60865452024368;28.733305139227795;184;608
785;-81.60947465457174;28.733963230886193;608;185
786;-81.49453907586752;28.63764539020437;186;609
787;-81.4934404603759;28.63660876952167;609;187
788;-81.51340805840647;28.64640544241751;188;610
789;-81.5133819523773;28.646389513314972;610;189
790;-81.51886630388287;28.650531783864416;190;611
791;-81.5193878717198;28.650857481039253;611;191
792;-81.54382494856956;28.6395947728232;192;612
793;-81.54223855940562;28.635438198627455;612;193
794;-81.59836311810025;28.72415803272761;194;613
795;-81.59771690148617;28.72359720414392;613;101
796;-81.62420376299485;28.771136710258055;195;614
797;-81.62415393806656;28.773382765578514;614;105
798;-81.57055153848168;28.698992342393833;196;615
799;-81.57029857983358;28.698911119325096;615;197
800;-81.602157338099;28.727420004184502;198;616
