1;-81.490611;28.673117
2;-81.490404;28.673121
3;-81.503151;28.673032
4;-81.501957;28.67304
5;-81.50407;28.673134
6;-81.501831;28.673139
7;-81.496634;28.673224
8;-81.49368;28.673084
9;-81.615471;28.739351
10;-81.615985;28.741694
11;-81.613574;28.736781
12;-81.613688;28.736892
13;-81.527331;28.661278
14;-81.527069;28.662291
15;-81.538747;28.629078
16;-81.54138;28.633085
17;-81.53634;28.621693
18;-81.537629;28.627201
19;-81.624633;28.763174
20;-81.624612;28.761222
21;-81.624846;28.785921
22;-81.624793;28.784745
23;-81.602155;28.727587
24;-81.602669;28.728026
25;-81.578326;28.704153
26;-81.578814;28.7048
27;-81.589415;28.716831
28;-81.589443;28.716854
29;-81.547977;28.690507
30;-81.548952;28.690784
31;-81.546939;28.690229
32;-81.546898;28.690221
33;-81.547921;28.690668
34;-81.546929;28.690369
35;-81.532369;28.684804
36;-81.534039;28.68544
37;-81.519485;28.678006
38;-81.519434;28.67797
39;-81.515755;28.675509
40;-81.513793;28.674245
41;-81.513627;28.67401
42;-81.513937;28.674195
43;-81.487669;28.667128
44;-81.486085;28.666027
45;-81.483577;28.664227
46;-81.481911;28.663014
47;-81.512231;28.673197
48;-81.513571;28.673978
49;-81.518132;28.677065
50;-81.517632;28.676735
51;-81.488653;28.673124
52;-81.487548;28.673101
53;-81.498789;28.673116
54;-81.49909;28.673156
55;-81.543175;28.689186
56;-81.536682;28.68647
57;-81.53869;28.687258
58;-81.480519;28.672896
59;-81.480254;28.672896
60;-81.543298;28.642949
61;-81.543108;28.643355
62;-81.576649;28.701471
63;-81.578024;28.703288
64;-81.521651;28.679506
65;-81.521223;28.679209
66;-81.563949;28.696741
67;-81.564403;28.696869
68;-81.492657;28.670037
69;-81.492024;28.669661
70;-81.490386;28.672911
71;-81.489813;28.672906
72;-81.541658;28.633476
73;-81.54185;28.633786
74;-81.485949;28.666173
75;-81.485748;28.666014
76;-81.505702;28.643137
77;-81.505164;28.642992
78;-81.624544;28.778389
79;-81.624473;28.776853
80;-81.624642;28.764996
81;-81.559852;28.69509
82;-81.558766;28.694484
83;-81.528364;28.682376
84;-81.528339;28.682456
85;-81.51346;28.646218
86;-81.513767;28.646374
87;-81.552022;28.6917
88;-81.551623;28.691561
89;-81.51582;28.64798
90;-81.515272;28.647522
91;-81.515583;28.647506
92;-81.515927;28.647776
93;-81.53221;28.65281
94;-81.532312;28.652702
95;-81.528291;28.678288
96;-81.508769;28.6449
97;-81.510228;28.645326
98;-81.531839;28.652806
99;-81.484427;28.634074
100;-81.49193;28.635112
101;-81.597197;28.723146
102;-81.594211;28.720659
103;-81.492681;28.635595
104;-81.506186;28.64397
105;-81.624141;28.773966
106;-81.624212;28.775347
107;-81.574837;28.700201
108;-81.57661;28.701426
109;-81.493593;28.673084
110;-81.492975;28.670055
111;-81.492846;28.669964
112;-81.479582;28.634081
113;-81.480022;28.634083
114;-81.518214;28.649817
115;-81.517451;28.649161
116;-81.528332;28.658222
117;-81.527424;28.660855
118;-81.535977;28.686387
119;-81.535417;28.68618
120;-81.490021;28.673104
121;-81.501822;28.673031
122;-81.517568;28.676693
123;-81.515816;28.675549
124;-81.507451;28.673152
125;-81.505356;28.673143
126;-81.493547;28.672932
127;-81.492874;28.672934
128;-81.497128;28.673237
129;-81.496763;28.673227
130;-81.503001;28.642531
131;-81.503113;28.642565
132;-81.503735;28.642753
133;-81.505058;28.643162
134;-81.584529;28.712478
135;-81.584006;28.711959
136;-81.495095;28.671835
137;-81.495297;28.671976
138;-81.624426;28.775343
139;-81.624356;28.773966
140;-81.624507;28.768703
141;-81.609559;28.733758
142;-81.606315;28.731007
143;-81.601272;28.7268
144;-81.601166;28.726716
145;-81.601841;28.727293
146;-81.548899;28.690934
147;-81.52578;28.652813
148;-81.520194;28.651136
149;-81.488723;28.667726
150;-81.487965;28.667309
151;-81.519543;28.677917
152;-81.520037;28.678257
153;-81.482594;28.634112
154;-81.495748;28.671942
155;-81.49412;28.670794
156;-81.51745;28.649403
157;-81.579699;28.705989
158;-81.579812;28.706127
159;-81.551622;28.691721
160;-81.550608;28.691434
161;-81.550775;28.691337
162;-81.541487;28.688313
163;-81.541438;28.688493
164;-81.538692;28.687447
165;-81.542705;28.688998
166;-81.526247;28.682337
167;-81.526934;28.682652
168;-81.527427;28.681932
169;-81.527364;28.682097
170;-81.478955;28.673111
171;-81.477203;28.673105
172;-81.542928;28.643644
173;-81.55;28.691091
174;-81.53606;28.686207
175;-81.52127;28.6791
176;-81.521652;28.679358
177;-81.566952;28.69787
178;-81.566282;28.697653
179;-81.56438;28.69707
180;-81.526132;28.682533
181;-81.523771;28.681122
182;-81.483135;28.673102
183;-81.482403;28.673114
184;-81.608521;28.733198
185;-81.609513;28.733994
186;-81.495094;28.638169
187;-81.492489;28.635711
188;-81.513427;28.646417
189;-81.513368;28.646381
190;-81.518809;28.650496
191;-81.519962;28.651216
192;-81.543909;28.639815
193;-81.541745;28.634145
194;-81.599089;28.724788
195;-81.624217;28.77054
196;-81.571055;28.699154
197;-81.569993;28.698813
198;-81.602212;28.727468
199;-81.602007;28.727288
200;-81.509454;28.673151
201;-81.509413;28.673151
202;-81.487631;28.667329
203;-81.493495;28.670403
204;-81.469164;28.634039
205;-81.50506;28.642967
206;-81.500057;28.641628
207;-81.501833;28.642176
208;-81.499911;28.673026
209;-81.499085;28.673008
210;-81.481558;28.672902
211;-81.550464;28.691238
212;-81.550493;28.691251
213;-81.538201;28.64778
214;-81.536066;28.622491
215;-81.536061;28.621695
216;-81.624427;28.763176
217;-81.624437;28.764999
218;-81.624359;28.755019
219;-81.623441;28.753021
220;-81.62285;28.752188
221;-81.621969;28.751088
222;-81.612915;28.736294
223;-81.613762;28.736684
224;-81.613684;28.73662
225;-81.604255;28.729225
226;-81.599025;28.724908
227;-81.599199;28.725059
228;-81.571057;28.698928
229;-81.571444;28.699055
230;-81.519497;28.677881
231;-81.519112;28.650497
232;-81.497476;28.640539
233;-81.497363;28.640456
234;-81.511528;28.673069
235;-81.500607;28.673136
236;-81.485614;28.672909
237;-81.484674;28.672903
238;-81.489047;28.673117
239;-81.488729;28.673124
240;-81.527114;28.682565
241;-81.523578;28.680736
242;-81.523993;28.681001
243;-81.523006;28.680316
244;-81.48186;28.673114
245;-81.571359;28.699252
246;-81.58285;28.710407
247;-81.503828;28.642969
248;-81.503203;28.642777
249;-81.482403;28.672893
250;-81.481858;28.672894
251;-81.566285;28.697431
252;-81.566856;28.697669
253;-81.519977;28.678344
254;-81.487533;28.667273
255;-81.48157;28.673108
256;-81.505166;28.643196
257;-81.562646;28.69647
258;-81.618153;28.7465
259;-81.617387;28.745434
260;-81.615971;28.740312
261;-81.615693;28.739298
262;-81.614399;28.737249
263;-81.526772;28.66432
264;-81.526164;28.670626
265;-81.511938;28.645822
266;-81.51022;28.645175
267;-81.550463;28.691392
268;-81.553238;28.692281
269;-81.552022;28.691856
270;-81.491573;28.635125
271;-81.482609;28.634316
272;-81.528819;28.657845
273;-81.507062;28.644027
274;-81.505913;28.643625
275;-81.505905;28.643446
276;-81.507487;28.644009
277;-81.53777;28.648126
278;-81.492325;28.635598
279;-81.623287;28.753104
280;-81.624156;28.755099
281;-81.624307;28.778163
282;-81.624327;28.778694
283;-81.624458;28.781332
284;-81.58281;28.71035
285;-81.549947;28.691241
286;-81.52015;28.678457
287;-81.520048;28.678394
288;-81.509458;28.673051
289;-81.509375;28.673051
290;-81.498628;28.673176
291;-81.498689;28.673103
292;-81.493594;28.670719
293;-81.492873;28.670191
294;-81.492838;28.670165
295;-81.527062;28.682706
296;-81.508743;28.644191
297;-81.508137;28.643978
298;-81.511161;28.64531
299;-81.510201;28.644819
300;-81.505167;28.643384
301;-81.604258;28.729426
302;-81.562823;28.696381
303;-81.563011;28.696453
304;-81.515994;28.675552
305;-81.517631;28.676631
306;-81.492783;28.67294
307;-81.491096;28.672918
308;-81.483447;28.664353
309;-81.48275;28.663875
310;-81.614172;28.737336
311;-81.613172;28.736482
312;-81.481785;28.663151
313;-81.477221;28.659839
314;-81.505056;28.643348
315;-81.583323;28.710712
316;-81.584683;28.712385
317;-81.497095;28.67259
318;-81.537247;28.62704
319;-81.601201;28.726585
320;-81.624375;28.759161
321;-81.617964;28.746597
322;-81.619931;28.748939
323;-81.579413;28.705604
324;-81.569224;28.698575
325;-81.547523;28.690386
326;-81.535397;28.685963
327;-81.491428;28.669111
328;-81.489985;28.668364
329;-81.484736;28.665024
330;-81.513622;28.67412
331;-81.511529;28.673164
332;-81.520115;28.678314
333;-81.4801;28.634297
334;-81.510917;28.673059
335;-81.497102;28.640273
336;-81.496878;28.640091
337;-81.526474;28.670638
338;-81.527881;28.677254
339;-81.562735;28.696502
340;-81.562846;28.696541
341;-81.529866;28.683798
342;-81.530549;28.684058
343;-81.49205;28.669494
344;-81.48063;28.673111
345;-81.559857;28.694922
346;-81.624664;28.781786
347;-81.624567;28.778692
348;-81.492864;28.635721
349;-81.495088;28.637897
350;-81.50953;28.673051
351;-81.52831;28.682548
352;-81.528288;28.682659
353;-81.510209;28.644973
354;-81.524903;28.652859
355;-81.52578;28.65295
356;-81.527342;28.662504
357;-81.527648;28.661236
358;-81.526586;28.669206
359;-81.526986;28.664854
360;-81.505923;28.643871
361;-81.527517;28.682164
362;-81.527583;28.682019
363;-81.476355;28.67309
364;-81.621801;28.751222
365;-81.622694;28.752305
366;-81.624469;28.781783
367;-81.569979;28.698604
368;-81.534035;28.68563
369;-81.53046;28.684245
370;-81.527863;28.683027
371;-81.528723;28.683339
372;-81.526941;28.682929
373;-81.49321;28.673082
374;-81.492788;28.673091
375;-81.542784;28.688823
376;-81.495748;28.672736
377;-81.495864;28.672713
378;-81.494698;28.672893
379;-81.495183;28.672859
380;-81.624299;28.768705
381;-81.613321;28.736343
382;-81.609661;28.733833
383;-81.597088;28.723266
384;-81.578588;28.704069
385;-81.580178;28.706315
386;-81.594069;28.720786
387;-81.569483;28.698458
388;-81.556641;28.693311
389;-81.555944;28.69307
390;-81.520208;28.678369
391;-81.479803;28.634291
392;-81.488646;28.672906
393;-81.48759;28.672909
394;-81.485626;28.673119
395;-81.484675;28.673114
396;-81.489819;28.673117
397;-81.527096;28.663908
398;-81.496038;28.672863
399;-81.580484;28.707147
400;-81.480502;28.673111
401;-81.502904;28.642501
402;-81.503;28.642719
403;-81.501562;28.64231
404;-81.542567;28.643645
405;-81.543021;28.642975
406;-81.583016;28.71029
407;-81.583136;28.710447
408;-81.497137;28.640088
409;-81.536692;28.686653
410;-81.518181;28.677001
411;-81.523084;28.680367
412;-81.56393;28.696931
413;-81.577722;28.703278
414;-81.620183;28.748926
415;-81.544184;28.639844
416;-81.557855;28.693825
417;-81.518206;28.650062
418;-81.497365;28.640273
419;-81.505168;28.643583
420;-81.62426;28.769563
421;-81.624279;28.776637
422;-81.509545;28.67315
423;-81.496963;28.672739
424;-81.484693;28.665277
425;-81.500049;28.641826
426;-81.500605;28.673036
427;-81.496073;28.672885
428;-81.4843;28.664993
429;-81.538159;28.64747
430;-81.537904;28.647666
431;-81.536338;28.621481
432;-81.624354;28.773733
433;-81.624464;28.769565
434;-81.620995;28.750245
435;-81.617139;28.745448
436;-81.572113;28.699246
437;-81.605397;28.730352
438;-81.605999;28.730893
439;-81.595551;28.721922
440;-81.526871;28.663484
441;-81.554762;28.692655
442;-81.556629;28.693469
443;-81.527698;28.661002
444;-81.527732;28.660822
445;-81.517901;28.676811
446;-81.494379;28.672917
447;-81.582456;28.709478
448;-81.478885;28.672899
449;-81.576414;28.701495
450;-81.589589;28.716682
451;-81.522884;28.680454
452;-81.566945;28.697696
453;-81.529851;28.684016
454;-81.541571;28.633843
455;-81.541283;28.633428
456;-81.499262;28.673149
457;-81.53843;28.629094
458;-81.527502;28.677314
459;-81.527466;28.681813
460;-81.606196;28.731048
461;-81.505054;28.643538
462;-81.503883;28.643097
463;-81.537714;28.647797
464;-81.531918;28.652721
465;-81.508763;28.64464
466;-81.508756;28.644459
467;-81.468768;28.634233
468;-81.527429;28.682346
469;-81.624581;28.784721
470;-81.507453;28.673041
471;-81.527579;28.682919
472;-81.503686;28.642639
473;-81.505896;28.643197
474;-81.476298;28.658928
475;-81.491106;28.673098
476;-81.504218;28.673044
477;-81.504076;28.673027
478;-81.505355;28.673027
479;-81.489026;28.672905
480;-81.503092;28.642749
481;-81.624596;28.759095
482;-81.62464;28.785932
483;-81.483127;28.672894
484;-81.553291;28.692146
485;-81.52298;28.680526
486;-81.520516;28.678718
487;-81.537965;28.647962
488;-81.527385;28.661032
489;-81.616188;28.741623
490;-81.523425;28.680861
491;-81.55873;28.694331
492;-81.582215;28.709488
493;-81.527629;28.681916
494;-81.477202;28.67288
495;-81.536058;28.621481
496;-81.621184;28.750141
497;-81.558842;28.69438
498;-81.520585;28.67863
499;-81.520402;28.678503
500;-81.490602;28.672913
501;-81.4905075;28.673119
502;-81.502554;28.673036
503;-81.5029505;28.6731365
504;-81.495157;28.673154
505;-81.61572799999999;28.740522499999997
506;-81.613631;28.736836500000003
507;-81.5272;28.6617845
508;-81.5400635;28.6310815
509;-81.53698449999999;28.624447
510;-81.6246225;28.762197999999998
511;-81.6248195;28.785333
512;-81.602412;28.7278065
513;-81.57857;28.7044765
514;-81.589429;28.7168425
515;-81.5484645;28.690645500000002
516;-81.5469185;28.690224999999998
517;-81.547425;28.6905185
518;-81.53320400000001;28.685122
519;-81.51945950000001;28.677988
520;-81.514774;28.674877000000002
521;-81.51378199999999;28.6741025
522;-81.48687699999999;28.666577500000002
523;-81.482744;28.6636205
524;-81.512901;28.6735875
525;-81.517882;28.6769
526;-81.4881005;28.673112500000002
527;-81.4989395;28.673136
528;-81.545052;28.689777499999998
529;-81.53768600000001;28.686864
530;-81.48038650000001;28.672896
531;-81.543203;28.643152
532;-81.5773365;28.7023795
533;-81.521437;28.679357500000002
534;-81.564176;28.696804999999998
535;-81.4923405;28.669849
536;-81.4900995;28.6729085
537;-81.541754;28.633631
538;-81.4858485;28.666093500000002
539;-81.505433;28.6430645
540;-81.62450849999999;28.777621
541;-81.6246375;28.764085
542;-81.55930900000001;28.694786999999998
543;-81.5283515;28.682416
544;-81.51361349999999;28.646296
545;-81.5518225;28.691630500000002
546;-81.515546;28.647751
547;-81.51575500000001;28.647641
548;-81.532261;28.652756
549;-81.52832749999999;28.680332
550;-81.5094985;28.645113000000002
551;-81.5320245;28.652808
552;-81.4881785;28.634593
553;-81.595704;28.7219025
554;-81.4923055;28.6353535
555;-81.5074775;28.644435
556;-81.6241765;28.7746565
557;-81.57572350000001;28.700813500000002
558;-81.49363650000001;28.673084
559;-81.4929105;28.6700095
560;-81.479802;28.634082
561;-81.5178325;28.649489
562;-81.527878;28.6595385
563;-81.535697;28.686283500000002
564;-81.4902125;28.6731125
565;-81.5018895;28.6730355
566;-81.516692;28.676121000000002
567;-81.5064035;28.6731475
568;-81.4932105;28.672933
569;-81.49694550000001;28.673232
570;-81.503057;28.642548
571;-81.50439650000001;28.6429575
572;-81.58426750000001;28.7122185
573;-81.49519599999999;28.6719055
574;-81.624391;28.7746545
575;-81.6245745;28.7668495
576;-81.60793699999999;28.7323825
577;-81.601219;28.726758
578;-81.60155649999999;28.7270465
579;-81.586972;28.7146545
580;-81.54841;28.690801
581;-81.522987;28.6519745
582;-81.488344;28.6675175
583;-81.513599;28.673994
584;-81.51979;28.678086999999998
585;-81.48130800000001;28.6340975
586;-81.494934;28.671368
587;-81.51663500000001;28.648691499999998
588;-81.5797555;28.706058
589;-81.551115;28.6915775
590;-81.551199;28.691449
591;-81.5400885;28.6877855
592;-81.540065;28.68797
593;-81.54294;28.689092000000002
594;-81.54207149999999;28.688745500000003
595;-81.5265905;28.6824945
596;-81.52739550000001;28.6820145
597;-81.47807900000001;28.673108
598;-81.543018;28.643499499999997
599;-81.503424;28.642659000000002
600;-81.549476;28.6909375
601;-81.536371;28.686338499999998
602;-81.521461;28.679229
603;-81.56661700000001;28.6977615
604;-81.565331;28.6973615
605;-81.5249515;28.681827499999997
606;-81.482769;28.673108
607;-81.5766295;28.7014485
608;-81.609017;28.733596
609;-81.4937915;28.636940000000003
610;-81.5133975;28.646399000000002
611;-81.5193855;28.650856
612;-81.542827;28.63698
613;-81.598143;28.723967000000002
614;-81.624179;28.772253
615;-81.570524;28.6989835
616;-81.6021095;28.727378
617;-81.5094335;28.673151
618;-81.48982749999999;28.668495
619;-81.4938075;28.6705985
620;-81.474373;28.634059999999998
621;-81.505112;28.6429795
622;-81.500945;28.641902
623;-81.49949799999999;28.673017
624;-81.49669850000001;28.6732255
625;-81.48103850000001;28.672899
626;-81.5504785;28.6912445
627;-81.5405645;28.645712
628;-81.53606350000001;28.622093
629;-81.624432;28.764087500000002
630;-81.62389999999999;28.75402
631;-81.6224095;28.751638
632;-81.62314549999999;28.7526045
633;-81.611214;28.735144
634;-81.613723;28.736652
635;-81.60323349999999;28.7283465
636;-81.601998;28.72744
637;-81.59911199999999;28.7249835
638;-81.57125049999999;28.698991499999998
639;-81.51952;28.677899
640;-81.518663;28.650157
641;-81.4974195;28.640497500000002
642;-81.51187949999999;28.673133
643;-81.50121899999999;28.6731375
644;-81.48514399999999;28.672906
645;-81.488888;28.673120500000003
646;-81.52723900000001;28.682330999999998
647;-81.5237855;28.6808685
648;-81.52512;28.681669
649;-81.522329;28.679837
650;-81.48213150000001;28.673114
651;-81.571207;28.699203
652;-81.583428;28.711183
653;-81.50351549999999;28.642873
654;-81.48213050000001;28.6728935
655;-81.5665705;28.69755
656;-81.565344;28.69715
657;-81.51973100000001;28.678175
658;-81.486741;28.666723
659;-81.48171500000001;28.673111
660;-81.505112;28.643179
661;-81.561249;28.69578
662;-81.61777000000001;28.745967
663;-81.615832;28.739805
664;-81.6140805;28.7369665
665;-81.526468;28.667473
666;-81.511079;28.6454985
667;-81.5505355;28.691413
668;-81.55263;28.6920685
669;-81.48709099999999;28.6347205
670;-81.53051450000001;28.6553275
671;-81.5064875;28.643826
672;-81.506696;28.6437275
673;-81.535041;28.650414
674;-81.491949;28.635361500000002
675;-81.6237215;28.7541015
676;-81.62431699999999;28.7784285
677;-81.6243925;28.780013
678;-81.58283;28.710378499999997
679;-81.550205;28.6913165
680;-81.520099;28.678425500000003
681;-81.508432;28.673151500000003
682;-81.5094165;28.673051
683;-81.497878;28.6732065
684;-81.498739;28.673109500000002
685;-81.4932335;28.670454999999997
686;-81.4928555;28.670178
687;-81.52708799999999;28.6826355
688;-81.50844000000001;28.644084499999998
689;-81.510681;28.645064499999997
690;-81.50554;28.6435045
691;-81.6034635;28.728726
692;-81.562917;28.696417
693;-81.5168125;28.6760915
694;-81.4919395;28.672929
695;-81.4830985;28.664113999999998
696;-81.6148215;28.7383435
697;-81.6130435;28.736387999999998
698;-81.4822675;28.663513000000002
699;-81.479503;28.661495000000002
700;-81.550634;28.691294
701;-81.504442;28.6431585
702;-81.584003;28.7115485
703;-81.4964215;28.672266
704;-81.53665649999999;28.624765500000002
705;-81.60160400000001;28.7269365
706;-81.624401;28.7611685
707;-81.61894749999999;28.747768
708;-81.5791135;28.705202
709;-81.568088;28.6982225
710;-81.547231;28.6903075
711;-81.534718;28.6857015
712;-81.5149655;28.6748735
713;-81.4907065;28.6687375
714;-81.4854105;28.6655255
715;-81.5125755;28.673642
716;-81.520076;28.6782855
717;-81.4813545;28.6343065
718;-81.488691;28.673124
719;-81.5112225;28.673064
720;-81.51578549999999;28.675529
721;-81.49699;28.640182000000003
722;-81.5271775;28.673946
723;-81.550232;28.6911645
724;-81.5626905;28.696486
725;-81.5627905;28.6965215
726;-81.53020749999999;28.683928
727;-81.49274750000001;28.670101000000003
728;-81.491739;28.6693025
729;-81.487582;28.667301000000002
730;-81.541519;28.6332805
731;-81.4811;28.6731095
732;-81.56134;28.695651499999997
733;-81.6246155;28.780239
734;-81.493976;28.636809
735;-81.50949399999999;28.673051
736;-81.528299;28.6826035
737;-81.5283245;28.682502
738;-81.510685;28.6451415
739;-81.5123105;28.645764
740;-81.55182199999999;28.6917885
741;-81.5253415;28.652904499999998
742;-81.527495;28.66187
743;-81.52678599999999;28.667029999999997
744;-81.52653;28.669922
745;-81.5060545;28.6439205
746;-81.52755;28.6820915
747;-81.476779;28.673097499999997
748;-81.511083;28.645574
749;-81.6222475;28.7517635
750;-81.6244635;28.781557499999998
751;-81.57051799999999;28.698766
752;-81.549423;28.691087500000002
753;-81.53224750000001;28.6849375
754;-81.52829299999999;28.683183
755;-81.5270015;28.6828175
756;-81.5200125;28.678369
757;-81.492999;28.6730865
758;-81.50947199999999;28.644505
759;-81.5421355;28.688568
760;-81.495806;28.6727245
761;-81.4949405;28.672876
762;-81.54775000000001;28.6904465
763;-81.624368;28.766852
764;-81.611491;28.735088
765;-81.6001825;28.7258875
766;-81.5980565;28.724086999999997
767;-81.579383;28.705192
768;-81.591756;28.71882
769;-81.569731;28.698531
770;-81.5562925;28.6931905
771;-81.487817;28.6672185
772;-81.5201615;28.678341500000002
773;-81.4799515;28.634294
774;-81.488118;28.6729075
775;-81.486587;28.67311
776;-81.4851505;28.6731165
777;-81.48992;28.6731105
778;-81.527219;28.663206
779;-81.49595099999999;28.672788
780;-81.58014800000001;28.706637
781;-81.6247285;28.7832655
782;-81.527024;28.6826085
783;-81.4797285;28.673111
784;-81.5023685;28.6423385
785;-81.50228100000001;28.642514499999997
786;-81.542794;28.64331
787;-81.583076;28.7103685
788;-81.4961125;28.6389925
789;-81.481708;28.672898
790;-81.53633450000001;28.68652
791;-81.518839;28.677441
792;-81.523331;28.6805515
793;-81.564155;28.6970005
794;-81.531459;28.684431
795;-81.483905;28.673108
796;-81.578024;28.7037155
797;-81.600145;28.725686500000002
798;-81.619168;28.747713
799;-81.54301699999999;28.636815
800;-81.61350250000001;28.7364815
801;-81.58322949999999;28.7105795
802;-81.557248;28.693568
803;-81.51782800000001;28.6497325
804;-81.498711;28.640950500000002
805;-81.528086;28.677771
806;-81.5055455;28.643727
807;-81.543465;28.641395
808;-81.6242795;28.769134
809;-81.4835105;28.634093
810;-81.624293;28.7774
811;-81.5696085;28.698694000000003
812;-81.52699799999999;28.682679
813;-81.510537;28.673157
814;-81.49641349999999;28.672726
815;-81.497826;28.672921000000002
816;-81.4934015;28.673083
817;-81.4852205;28.6656455
818;-81.53008550000001;28.655514
819;-81.50080550000001;28.642068
820;-81.56348;28.696597
821;-81.5357285;28.686085
822;-81.5176;28.676714
823;-81.50471300000001;28.6731385
824;-81.500258;28.673031
825;-81.4960555;28.672874
826;-81.4844965;28.665135
827;-81.53803149999999;28.647568
828;-81.536339;28.621586999999998
829;-81.6245555;28.7785405
830;-81.62435500000001;28.7738495
831;-81.624409;28.771649
832;-81.621398;28.7507335
833;-81.61755149999999;28.746022500000002
834;-81.573475;28.699723499999998
835;-81.60569799999999;28.7306225
836;-81.6048275;28.729889
837;-81.59481;28.721353999999998
838;-81.52697;28.6628875
839;-81.555353;28.692862499999997
840;-81.5549335;28.692875
841;-81.527715;28.660912
842;-81.518041;28.676906000000002
843;-81.517766;28.676721
844;-81.4945385;28.672905
845;-81.486602;28.672909
846;-81.48943299999999;28.673117
847;-81.519653;28.6508165
848;-81.5143495;28.646969499999997
849;-81.51467500000001;28.64694
850;-81.579556;28.705796499999998
851;-81.581317;28.7078965
852;-81.497251;28.6401805
853;-81.4795695;28.6728975
854;-81.527673;28.661119
855;-81.577068;28.702386500000003
856;-81.59190000000001;28.7186705
857;-81.5222675;28.67998
858;-81.5669005;28.6976825
859;-81.5301555;28.684130500000002
860;-81.541427;28.633635499999997
861;-81.499176;28.6731525
862;-81.5051115;28.643366
863;-81.53783849999999;28.628067
864;-81.6244495;28.776097999999998
865;-81.543741;28.6413965
866;-81.527484;28.6795635
867;-81.5102235;28.673054999999998
868;-81.6073585;28.732123
869;-81.4987625;28.6411825
870;-81.505111;28.6435605
871;-81.50354300000001;28.642937
872;-81.534816;28.650259
873;-81.5079125;28.644333500000002
874;-81.5081215;28.644234
875;-81.47428550000001;28.634262
876;-81.527473;28.682254999999998
877;-81.6242455;28.775992000000002
878;-81.624525;28.783252
879;-81.5576975;28.693976499999998
880;-81.52653649999999;28.682731
881;-81.52839599999999;28.6834725
882;-81.508414;28.673046
883;-81.5273205;28.682812499999997
884;-81.504373;28.642803
885;-81.5094825;28.644716000000003
886;-81.5070165;28.643587500000002
887;-81.5282755;28.6593335
888;-81.4791045;28.660971
889;-81.49194700000001;28.673094499999998
890;-81.54484099999999;28.689522
891;-81.50414699999999;28.6730355
892;-81.506404;28.673034
893;-81.4894195;28.6729055
894;-81.49558049999999;28.6723445
895;-81.4954655;28.6727975
896;-81.4966005;28.673061
897;-81.61393;28.737114
898;-81.537809;28.6477315
899;-81.540363;28.6455575
900;-81.5031475;28.642763
901;-81.6244775;28.757057
902;-81.53985650000001;28.631261
903;-81.49808999999999;28.672798999999998
904;-81.53818799999999;28.6281395
905;-81.62448549999999;28.769134
906;-81.6246105;28.7853265
907;-81.620463;28.749592
908;-81.61656199999999;28.743571
909;-81.60961;28.7337955
910;-81.56821400000001;28.698076999999998
911;-81.498859;28.673166000000002
912;-81.482765;28.6728935
913;-81.51370750000001;28.6741825
914;-81.50295249999999;28.642516
915;-81.503046;28.642733999999997
916;-81.4928285;28.672937
917;-81.49598599999999;28.63913
918;-81.5526565;28.691923000000003
919;-81.523045;28.6803415
920;-81.522932;28.68049
921;-81.5208695;28.678963500000002
922;-81.518783;28.6775175
923;-81.5378675;28.648044
924;-81.538083;28.647871000000002
925;-81.52735799999999;28.661155
926;-81.52740449999999;28.660943500000002
927;-81.4999345;28.673142499999997
928;-81.48056600000001;28.673111
929;-81.578306;28.703678500000002
930;-81.61678749999999;28.7435285
931;-81.615046;28.7382735
932;-81.52359799999999;28.680991499999998
933;-81.5582925;28.694077999999998
934;-81.512653;28.6461015
935;-81.5825125;28.709919
936;-81.52884900000001;28.652766999999997
937;-81.5288095;28.652878
938;-81.5185075;28.650278999999998
939;-81.5044685;28.643317500000002
940;-81.5717785;28.699150500000002
941;-81.4972325;28.6403645
942;-81.527606;28.6819675
943;-81.532115;28.652711500000002
944;-81.59631949999999;28.722594
945;-81.49434450000001;28.671277
946;-81.47804350000001;28.6728895
947;-81.516689;28.6484685
948;-81.5033995;28.642602
949;-81.505799;28.643167
950;-81.50553550000001;28.643321
951;-81.4908585;28.6731075
952;-81.5036135;28.6730295
953;-81.5047865;28.6730355
954;-81.4838735;28.664673
955;-81.613373;28.7366315
956;-81.5268215;28.663902
957;-81.5360595;28.621588
958;-81.624604;28.7601585
959;-81.6215765;28.750614499999998
960;-81.6206835;28.7495335
961;-81.605285;28.730116000000002
962;-81.55402649999999;28.692400499999998
963;-81.534726;28.685904999999998
964;-81.5012135;28.673033500000003
965;-81.48935399999999;28.668045
966;-81.5094995;28.6731505
967;-81.4839005;28.672898500000002
968;-81.49396300000001;28.6729245
969;-81.5813495;28.7083175
970;-81.5593495;28.694651
971;-81.53769199999999;28.68705
972;-81.526833;28.673969999999997
973;-81.5274465;28.681872499999997
974;-81.5209275;28.678865
975;-81.520333;28.6785875
976;-81.5204935;28.6785665
977;-81.52030500000001;28.678435999999998
978;-81.563388;28.696736
979;-81.5232025;28.6806935
980;-81.492448;28.669729
981;-81.490494;28.672912
982;-81.490849;28.672915500000002
983;-81.54165800000001;28.633994
984;-81.6160795;28.7409675
985;-81.48883599999999;28.6729055
986;-81.52929449999999;28.6835685
987;-81.6060975;28.730970499999998
988;-81.558786;28.6943555
989;-81.582736;28.709884000000002
990;-81.5318785;28.6527635
991;-81.52243250000001;28.6520375
992;-81.492407;28.6356545
993;-81.527041;28.664381
994;-81.52796000000001;28.680101999999998
995;-81.527721;28.682972999999997
996;-81.6242385;28.7700515
997;-81.4927725;28.635658
998;-81.6242655;28.75713
999;-81.6229905;28.7527045
1000;-81.587136;28.7145335
