800;533;383;49,0.7337746502906415;0.09547849261046505;35.0
69;531;383;49,0.6928688459782153;0.09540450594184478;33.0
69;533;383;49,0.7135978046953723;0.09540451870217911;34.0
800;537;383;525,0.7520760350695966;0.09577844278424127;36.0
800;535;383;525,0.7728817445130364;0.09577844809867289;37.0
69;537;383;525,0.7319275696139289;0.09570446887595534;35.0
69;535;383;525,0.7526958465237173;0.09570447419038695;36.0
800;541;383;525,0.7728972167373561;0.09577664998717361;39.0
800;539;383;525,0.7520913992668434;0.09577660783164647;38.0
69;541;383;525,0.7527109255237887;0.09570267607888767;38.0
69;539;383;525,0.731942532988584;0.09570263392336054;37.0
800;543;383;49,0.7337883777205928;0.09547681715875977;37.0
800;545;383;49,0.7130220322202647;0.09547678317812355;36.0
69;543;383;49,0.7136111643249329;0.09540284325047384;36.0
69;545;383;49,0.6928819818250721;0.09540280926983762;35.0
800;547;383;51,0.7470748187176648;0.12618446960294621;48.0
800;549;383;51,0.7630329959254036;0.1261845754886536;49.0
69;547;383;51,0.7316255996214707;0.1261104956946603;47.0
69;549;383;51,0.7475514596476277;0.1261106015803677;48.0
800;551;383;526,0.7754056827699152;0.12672652235830278;50.0
800;553;383;526,0.7913752846615688;0.12672652739138163;51.0
69;551;383;526,0.7599620473890303;0.12665254845001686;49.0
69;553;383;526,0.7758991438627709;0.1266525534830957;50.0
800;555;383;526,0.7913733442498778;0.1267268125529783;53.0
800;557;383;526,0.7754038028964715;0.1267268043129418;52.0
69;555;383;526,0.7758972403862322;0.12665283864469237;52.0
69;557;383;526,0.759960203977103;0.1266528304046559;51.0
800;561;383;51,0.7631110314719136;0.12617272892854986;51.0
800;559;383;51,0.7471505964208445;0.12617272007425323;50.0
69;561;383;51,0.7476279527420234;0.12609875502026394;50.0
69;559;383;51,0.7316998499211994;0.1260987461659673;49.0
800;563;383;527,0.8034563175753995;0.1156827533746788;49.0
800;565;383;527,0.7860126318707682;0.11568275291949832;48.0
69;563;383;527,0.7865564121842256;0.11560877946639286;48.0
69;565;383;527,0.7691470216516546;0.11560877901121239;47.0
800;569;383;54,0.7697013272176536;0.11553176762029542;47.0
800;567;383;54,0.7523258131720237;0.1155317371769327;46.0
69;569;383;54,0.7528467023663642;0.11545779371200948;46.0
69;567;383;54,0.7355052085356867;0.11545776326864676;45.0
800;571;383;54,0.7523264812308786;0.11553164228115999;44.0
800;573;383;54,0.7697020845059351;0.11553166247806813;45.0
69;571;383;54,0.7355058620425139;0.11545766837287405;43.0
69;573;383;54,0.752847443507926;0.1154576885697822;44.0
800;575;383;527,0.7860125003193539;0.1156827708266206;46.0
800;577;383;527,0.8034561850217199;0.11568277102649195;47.0
69;575;383;527,0.7691468928472817;0.11560879691833466;45.0
69;577;383;527,0.786556282342391;0.11560879711820601;46.0
800;579;383;34,0.70884593604134;0.06439234099174161;22.0
800;581;383;34,0.7393333517230407;0.06439238952582954;23.0
69;579;383;34,0.6792507437492625;0.06431836708345569;21.0
69;581;383;34,0.7096962065637842;0.06431841561754362;22.0
800;583;383;528,0.7460888026911277;0.06635892146399217;24.0
800;585;383;528,0.7757865518615316;0.0663589445939511;25.0
69;583;383;528,0.7173029875991175;0.06628494755570623;23.0
69;585;383;528,0.7469586526999024;0.06628497068566516;24.0
800;589;383;528,0.7760369859877739;0.066338452307349;27.0
800;587;383;528,0.7463296895961202;0.06633842581560694;26.0
69;589;383;528,0.7472000378667677;0.06626447839906306;26.0
69;587;383;528,0.7175348274366959;0.066264451907321;25.0
800;593;383;34,0.7396083683964096;0.06436944646210432;25.0
800;591;383;34,0.7091106652491129;0.06436930633420627;24.0
69;593;383;34,0.7099604893182033;0.0642954725538184;24.0
69;591;383;34,0.6795046993200071;0.06429533242592035;23.0
800;597;383;56,0.6073686891953604;0.09586453402294426;29.0
800;595;383;56,0.6277752521927066;0.09586486784216575;30.0
69;597;383;56,0.5874962111862221;0.09579056011465832;28.0
69;595;383;56,0.6078665994723578;0.09579089393387981;29.0
800;599;383;529,0.6408221273726322;0.09690435983148571;31.0
800;601;383;529,0.6611027206564422;0.09690438626661922;32.0
69;599;383;529,0.62110009262685;0.09683038592319977;30.0
69;601;383;529,0.6413443677410058;0.09683041235833328;31.0
800;605;383;529,0.6609438830022808;0.09692620875923308;34.0
800;603;383;529,0.6406680336978521;0.09692620055993531;33.0
69;605;383;529,0.6411901674737988;0.09685223485094714;33.0
69;603;383;529,0.6209506349497723;0.09685222665164937;32.0
800;607;383;56,0.627728778980566;0.09587152332267286;32.0
800;609;383;56,0.607323850662581;0.0958711711237554;31.0
69;607;383;56,0.6078215676246391;0.09579754941438692;31.0
69;609;383;56,0.5874528084558296;0.09579719721546946;30.0
800;613;383;58,0.849823046354829;0.13415232311165917;58.0
800;611;383;58,0.8651558910912993;0.1341523234355988;59.0
69;613;383;58,0.8350359417940924;0.13407834920337325;57.0
69;611;383;58,0.8503366439284267;0.13407834952731287;58.0
800;615;383;530,0.8795785681643714;0.13428482360876862;60.0
800;617;383;530,0.8949780251513324;0.1342848238094993;61.0
69;615;383;530,0.8647426209740688;0.1342108497004827;59.0
69;617;383;530,0.8801096748606135;0.13421084990121337;60.0
800;619;383;530,0.8949779629155659;0.13428483233337785;63.0
800;621;383;530,0.8795785063551192;0.13428483222244264;62.0
69;619;383;530,0.8801096136282642;0.13421085842509192;62.0
69;621;383;530,0.8647425601770657;0.13421085831415672;61.0
800;623;383;58,0.8651559374490999;0.13415231687338794;61.0
800;625;383;58,0.8498230975156364;0.1341523157388905;60.0
69;623;383;58,0.850336689514905;0.13407834296510202;60.0
69;625;383;58,0.83503599208978;0.13407834183060457;59.0
800;629;383;531,0.7139983583329014;0.1315308543855827;50.0
800;627;383;531,0.698786715663331;0.1315308474883355;49.0
69;629;383;531,0.6992166151187648;0.13145688047729678;49.0
69;627;383;531,0.6840360938904176;0.13145687358004957;48.0
800;631;383;61,0.684894688981324;0.13130612623585664;48.0
800;633;383;61,0.6697355500928405;0.1313061072060147;47.0
69;631;383;61,0.6701481490770528;0.1312321523275707;47.0
69;633;383;61,0.6550199014412607;0.1312321332977288;46.0
800;635;383;61,0.6697315010706169;0.13130683337201293;45.0
800;637;383;61,0.6848906457837375;0.13130683530774684;46.0
69;635;383;61,0.6550159393612823;0.131232859463727;44.0
69;637;383;61,0.6701441909117848;0.13123286139946091;45.0
800;639;383;531,0.6987860804089916;0.13153095684958718;47.0
800;641;383;531,0.7139977346142388;0.13153095947331112;48.0
69;639;383;531,0.684035471728346;0.13145698294130126;46.0
69;641;383;531,0.6992160040011823;0.1314569855650252;47.0
800;643;383;62,0.6878953031976596;0.1387260996965615;49.0
800;645;383;62,0.7023210342995089;0.13872611596294596;50.0
69;643;383;62,0.6739028496199579;0.13865212578827557;48.0
69;645;383;62,0.6882985493918099;0.13865214205466003;49.0
800;647;383;532,0.7103721158396066;0.13986482711254625;51.0
800;649;383;532,0.7247452407437527;0.1398648851594049;52.0
69;647;383;532,0.6964422052613547;0.13979085320426032;50.0
69;649;383;532,0.7107852480766037;0.13979091125111898;51.0
800;653;383;532,0.7247039564542248;0.13987212928779927;54.0
800;651;383;532,0.710331510158958;0.13987209632732212;53.0
69;653;383;532,0.7107447397173464;0.13979815537951334;53.0
69;651;383;532,0.6964023768691385;0.1397981224190362;52.0
800;657;383;62,0.7030567400785989;0.138594010284018;52.0
800;655;383;62,0.6889371413995796;0.1385351818390976;51.0
69;657;383;62,0.6890199130986573;0.13852003637573207;51.0
69;655;383;62,0.6749239872184625;0.13846120793081168;50.0
800;659;383;64,0.5764256200614675;0.09117588389652616;26.0
800;661;383;64,0.5977865771602486;0.09117588492148547;27.0
69;659;383;64,0.5555990376606003;0.09110190998824022;25.0
69;661;383;64,0.5769231158763496;0.09110191101319953;26.0
800;663;383;533,0.6173281438153406;0.0914363552750218;28.0
800;665;383;533,0.6387352670709894;0.09143635633465175;29.0
69;663;383;533,0.5964895460203697;0.09136238136673586;27.0
69;665;383;533,0.617859517659835;0.09136238242636581;28.0
800;667;383;533,0.6387373062201573;0.09143608175614543;31.0
800;669;383;533,0.6173301108854207;0.09143608121720655;30.0
69;667;383;533,0.6178614916599059;0.09136210784785949;30.0
69;669;383;533,0.5964914481316228;0.09136210730892061;29.0
800;671;383;64,0.5977877972958239;0.09117570984009486;29.0
800;673;383;64,0.576426789996526;0.09117570979742198;28.0
69;671;383;64,0.5769242943237475;0.09110173593180892;28.0
69;673;383;64,0.5556001661832898;0.09110173588913605;27.0
800;675;383;66,0.7089374465136167;0.12463284766076504;45.0
800;677;383;66,0.724983983908718;0.12463285275482074;46.0
69;675;383;66,0.6933811967933521;0.12455887375247911;44.0
69;677;383;66,0.7093955124033385;0.1245588788465348;45.0
800;681;383;534,0.7395518180687193;0.12486847080983511;47.0
800;679;383;534,0.7556508736010442;0.1248684756179551;48.0
69;681;383;534,0.723962247116393;0.12479449690154917;46.0
69;679;383;534,0.7400288438560739;0.12479450170966916;47.0
800;683;383;534,0.7556490610523878;0.12486875085309908;50.0
800;685;383;534,0.7395500156283646;0.1248687504681235;49.0
69;683;383;534,0.7400270678199599;0.12479477694481314;49.0
69;685;383;534,0.7239604817174075;0.12479477655983756;48.0
800;687;383;66,0.724983864896062;0.12463287155886502;48.0
800;689;383;66,0.7089372998418698;0.12463287135949533;47.0
69;687;383;66,0.7093953958865991;0.12455889765057908;47.0
69;689;383;66,0.6933810532623363;0.12455889745120939;46.0
800;691;383;68,0.883065090915205;0.12311117267257055;55.0
800;693;383;68,0.8997680289637431;0.12311122628237758;56.0
69;691;383;68,0.8669727939990343;0.12303719876428461;54.0
69;693;383;68,0.8836417236385449;0.12303725237409165;55.0
800;695;383;535,0.9135544119427567;0.12347839401814015;57.0
800;697;383;535,0.9302925393639332;0.12347855309377127;58.0
69;695;383;535,0.8974445745210891;0.12340442010985421;56.0
69;697;383;535,0.9141484835800525;0.12340457918548534;57.0
800;699;383;535,0.930337822797052;0.12347302468929;60.0
800;701;383;535,0.9135990771232334;0.12347284119194019;59.0
69;699;383;535,0.9141930055264628;0.12339905078100406;59.0
69;701;383;535,0.8974884760760614;0.12339886728365425;58.0
800;703;383;68,0.8831026158305331;0.12310635953790477;57.0
69;703;383;68,0.8670096553159893;0.12303238562961884;56.0
800;705;383;70,0.8899326218919367;0.12436197450420283;56.0
69;705;383;70,0.8739773495268174;0.1242880005959169;55.0
800;707;383;536,0.9042316083655889;0.12464845087306517;57.0
69;707;383;536,0.8882812115759782;0.12457447696477923;56.0
800;709;383;536,0.9042309294648483;0.12464853688583365;59.0
69;709;383;536,0.8882805442897019;0.12457456297754771;58.0
800;711;383;70,0.8899613930588277;0.12435827867344251;58.0
69;711;383;70,0.8740056202066199;0.12428430476515658;57.0
800;713;383;537,0.7147688897240846;0.1416375236875254;54.0
69;713;383;537,0.7009964652137487;0.1415635497792395;53.0
800;715;383;73,0.7015877477699519;0.1414552003722957;53.0
69;715;383;73,0.6878260417255563;0.14138122646400977;52.0
800;717;383;73,0.7015878436342733;0.14145518281911215;51.0
69;717;383;73,0.6878261357536926;0.14138120891082623;50.0
800;719;383;537,0.7147690246056709;0.1416374994174746;52.0
69;719;383;537,0.7009965975585122;0.1415635255091887;51.0
800;721;383;74,0.8898635552049068;0.13074368000870926;59.0
69;721;383;74,0.8746335601823139;0.13066970610042333;58.0
800;723;383;538,0.9047080091802324;0.1308718184287523;60.0
69;723;383;538,0.8894608728864252;0.1307978445204664;59.0
800;725;383;538,0.9047081875652689;0.13087179481681258;62.0
69;725;383;538,0.8894610483550972;0.13079782090852665;61.0
800;727;383;74,0.8898637115792769;0.1307436589836178;61.0
69;727;383;74,0.87463371395928;0.1306696850753319;60.0
800;729;383;76,0.5990374332824022;0.14534047458903493;45.0
69;729;383;76,0.5858436083344197;0.145266500680749;44.0
800;733;383;539,0.6113047769553603;0.14561854155378418;46.0
800;731;383;539,0.6248712383713285;0.14561854167343746;47.0
69;733;383;539,0.5981098943236306;0.14554456764549825;45.0
69;731;383;539,0.6116479176325895;0.14554456776515154;46.0
800;642;383;265,0.7139263945341395;0.13923145569021503;53.0
800;636;383;265,0.6995349873999022;0.13922867835003822;52.0
69;642;383;265,0.6999284551726276;0.1391574817819291;52.0
69;636;383;265,0.6855668211879129;0.1391547044417523;51.0
800;735;383;539,0.6113048142412306;0.14561853351166335;48.0
69;735;383;539,0.598109930821299;0.14554455960337742;47.0
800;47;383;160,0.7678127910988451;0.059638590257446875;24.0
800;638;383;160,0.7348736464538521;0.059638585808210014;23.0
69;47;383;160,0.7358229982957748;0.059564616349160944;23.0
69;638;383;160,0.7029260819381895;0.05956461189992408;22.0
800;737;383;76,0.5990349289666432;0.14534102486098324;47.0
69;737;383;76,0.5858411580590882;0.14526705095269732;46.0
800;640;383;268,0.7641998804800055;0.05743529389686432;23.0
69;640;383;268,0.7310121726228468;0.05736131998857839;22.0
800;739;383;540,0.8149229179297348;0.23419642145175246;102.0
69;739;383;540,0.8060793163289783;0.23412244754346653;101.0
800;644;383;270,0.6136385920131999;0.16251701382944475;54.0
69;644;383;270,0.6017748648223971;0.16244303992115883;53.0
800;741;383;79,0.8089093511917417;0.23342748880818975;101.0
69;741;383;79,0.8000550162013111;0.23335351489990383;100.0
800;177;383;93,0.6732109318220948;0.11984638791761291;41.0
800;646;383;93,0.6897737254760323;0.11984710481920101;42.0
69;177;383;93,0.6571271823749916;0.11977241400932698;40.0
69;646;383;93,0.6736574313631016;0.11977313091091507;41.0
800;743;383;79,0.8089127359459629;0.23342666009973126;99.0
69;743;383;79,0.8000583647776424;0.23335268619144534;98.0
800;650;383;273,0.7153840719153608;0.14407800751986416;55.0
800;48;383;273,0.7014358065060251;0.14407796246853158;54.0
69;650;383;273,0.7018330715309431;0.14400403361157824;54.0
69;48;383;273,0.6879142634438628;0.14400398856024565;53.0
800;745;383;540,0.8149247153006762;0.23419598345686501;100.0
69;745;383;540,0.8060810946557371;0.2341220095485791;99.0
800;652;383;276,0.6599539941673991;0.14405020738695912;49.0
69;652;383;276,0.6465172751979148;0.1439762334786732;48.0
800;654;383;94,0.7190809652518482;0.12045532334779899;46.0
800;263;383;94,0.7025254394322129;0.12045399740771837;45.0
69;654;383;94,0.702985369956294;0.12038134943951305;45.0
69;263;383;94,0.6864624639977901;0.12038002349943243;44.0
800;780;383;278,0.6311511128663052;0.1612929287357309;55.0
800;656;383;278,0.6188449909880498;0.16129292470000697;54.0
69;780;383;278,0.619162139010327;0.16121895482744497;54.0
69;656;383;278,0.6068826748138613;0.16121895079172105;53.0
800;660;226;279,0.5680110610048155;0.04021533880880118;12.0
69;660;226;279,0.6149656231597093;0.04028931271708711;13.0
800;747;383;541,0.7863698185724426;0.2207223573841061;93.0
69;747;383;541,0.7771194774826116;0.22064838347582016;92.0
800;749;383;19,0.7805727930445062;0.21981153025329062;92.0
69;749;383;19,0.7713020869172388;0.2197375563450047;91.0
800;751;383;19,0.7805727090196248;0.21981155053808898;90.0
69;751;383;19,0.771302003867006;0.21973757662980306;89.0
800;753;383;541,0.7863691919256869;0.22072250806860774;91.0
69;753;383;541,0.7771188580344303;0.22064853416032182;90.0
800;662;226;281,0.37698973167523464;0.06465446236699467;13.0
800;428;226;281,0.3475489152424856;0.06465446129177033;12.0
69;662;226;281,0.40602054275306276;0.06472843627528059;14.0
69;428;226;281,0.3765400233971418;0.06472843520005625;13.0
800;755;383;81,0.8049129348740646;0.04991254312878724;19.0
69;755;383;81,0.7667753647872887;0.04983856922050131;18.0
800;664;226;282,0.3388966688306319;0.06623414694032383;12.0
69;664;226;282,0.3671760302530764;0.06630812084860976;13.0
800;757;383;542,0.8336280462218328;0.05053205538350225;20.0
69;757;383;542,0.7959189881464184;0.05045808147521632;19.0
800;666;383;246,1.0163557994654855;0.0208418689026033;11.0
800;54;383;246,0.9227902693047284;0.020841868434758992;10.0
69;666;383;246,0.9261222557053376;0.020767894994317374;10.0
69;54;383;246,0.8324563070073939;0.020767894526473065;9.0
800;759;383;542,0.8336273162139225;0.05053209818265326;22.0
69;759;383;542,0.7959182901731684;0.05045812427436733;21.0
800;736;383;267,0.7632170189498889;0.05998372297564955;24.0
800;668;383;267,0.7304750488998549;0.05998371723002405;23.0
69;736;383;267,0.7314134843278791;0.05990974906736362;23.0
69;668;383;267,0.698713722404382;0.05990974332173812;22.0
800;761;383;81,0.8049791017642797;0.04990857340656712;21.0
69;761;383;81,0.7668384870554386;0.04983459949828119;20.0
800;670;383;286,0.6700194999286188;0.09293636961218556;33.0
800;74;383;286,0.6488699048613378;0.09293636821790985;32.0
69;670;383;286,0.6494199738728547;0.09286239570389962;32.0
69;74;383;286,0.6283075010160586;0.09286239430962391;31.0
800;763;383;83,0.667946707546288;0.14789547412022214;51.0
69;763;383;83,0.6548301138122549;0.1478215002119362;50.0
800;672;383;201,0.7866904815073175;0.1060995501652303;44.0
69;672;383;201,0.7683708712703299;0.10602557625694436;43.0
800;765;383;543,0.6812481681046667;0.14793738618282593;52.0
69;765;383;543,0.6681069257292059;0.14786341227454;51.0
800;674;383;288,1.1832186078846523;0.10544407412017652;64.0
69;674;383;288,1.1640270379948572;0.10537010021189058;63.0
800;676;383;290,0.7445138891152873;0.11665216011852575;46.0
69;676;383;290,0.7278634951620998;0.11657818621023981;45.0
800;678;383;53,0.8199781210157688;0.1158091032097877;48.0
800;222;383;53,0.8374943353162082;0.11580910413608245;49.0
69;678;383;53,0.8030631862331247;0.11573512930150176;47.0
69;222;383;53,0.8205448267237309;0.11573513022779651;48.0
800;680;383;292,0.8901261759500854;0.12221206166346577;57.0
69;680;383;292,0.873909039861731;0.12213808775517983;56.0
800;684;383;293,0.8863993952866811;0.12268496194398607;57.0
69;684;383;293,0.8702481406057891;0.12261098803570013;56.0
800;688;383;295,0.6434962331695769;0.08505702007400885;27.0
69;688;383;295,0.6210735962756729;0.08498304616572291;26.0
800;690;383;296,0.6131620849775178;0.14230177248818957;47.0
69;690;383;296,0.599663615617407;0.14222779857990364;46.0
800;692;383;298,0.6250055158463903;0.13985009077950608;47.0
69;692;383;298,0.6112518357487312;0.13977611687122016;46.0
800;694;383;274,0.7099404145882938;0.14507870336966858;55.0
800;115;383;274,0.6960998849345869;0.14507835644319214;54.0
69;694;383;274,0.6964900880736412;0.14500472946138265;54.0
69;115;383;274,0.6826788099204003;0.14500438253490622;53.0
800;696;226;24,2.2743502837830403;0.006810304421104163;8.0
69;696;226;24,2.53422824692314;0.0068842783293900905;9.0
800;698;383;302,0.7326508775462219;0.12343314148992329;48.0
800;393;383;302,0.716434620885217;0.12343314008119667;47.0
69;698;383;302,0.7169016603620062;0.12335916758163736;47.0
69;393;383;302,0.7007178740302339;0.12335916617291073;46.0
800;700;383;305,1.0105058696061857;0.09723282665988718;49.0
69;700;383;305,0.9901751425882621;0.09715885275160124;48.0
800;117;383;306,0.9379715323364411;0.12254808990769232;60.0
800;702;383;306,0.9212787399724174;0.12252546486557536;59.0
800;324;383;306,0.9045099103919926;0.12251715638769563;58.0
69;117;383;306,0.9216983806819415;0.12247411599940639;59.0
69;702;383;306,0.9050368775148712;0.12245149095728942;58.0
69;324;383;306,0.888301187806177;0.12244318247940969;57.0
800;5;383;308,0.9111545158420923;0.13418591265979865;64.0
69;5;383;308,0.8962419456865821;0.13411193875151273;63.0
800;341;226;310,0.9721239972652881;0.021776769515087314;11.0
800;704;226;310,0.8826305381318738;0.02177676660983411;10.0
69;341;226;310,1.0581983736919431;0.02185074342337324;12.0
69;704;226;310,0.9687858830031874;0.021850740518120037;11.0
800;6;226;222,1.0075076867571335;0.019111101661043732;10.0
800;764;226;222,0.9056105833038849;0.019111101500083327;9.0
800;373;226;222,0.8039707874148174;0.01911110149499215;8.0
69;6;226;222,1.1053306914071146;0.01918507556932966;11.0
69;764;226;222,1.0035741345562286;0.019185075408369254;10.0
69;373;226;222,0.9020748544389641;0.019185075403278077;9.0
800;34;383;309,0.9188831631724503;0.1352205862005979;65.0
800;706;383;309,0.9035175024044829;0.1352205481910099;64.0
69;34;383;309,0.9040593701277639;0.13514661229231198;64.0
69;706;383;309,0.8887262083995751;0.13514657428272397;63.0
800;7;383;312,0.8795820953336262;0.1385691561080928;64.0
69;7;383;312,0.8651713077559327;0.1384951821998069;63.0
800;708;383;212,0.7017528544886592;0.11008681527250433;41.0
800;722;383;212,0.6837362955564462;0.11008678501145537;40.0
69;708;383;212,0.684231235289606;0.11001284136421839;40.0
69;722;383;212,0.6662490085954935;0.11001281110316943;39.0
800;8;383;314,0.6900573238308644;0.1462281399594479;54.0
69;8;383;314,0.6767500666956664;0.14615416605116197;53.0
800;710;383;315,0.6943868280932378;0.1506268018820121;56.0
69;710;383;315,0.681442562020637;0.15055282797372618;55.0
800;9;383;317,1.0740499348535417;0.11898449907094044;66.0
69;9;383;317,1.0570494592669475;0.1189105251626545;65.0
800;292;383;318,0.5855652378479719;0.15139030450286303;48.0
800;712;383;318,0.57260519972913;0.15139014242545634;47.0
69;292;383;318,0.5729149624026548;0.1513163305945771;47.0
69;712;383;318,0.5599822800211514;0.15131616851717042;46.0
800;10;383;319,0.6479612350033226;0.17403864761154994;59.0
69;10;383;319,0.6367827738690071;0.17396467370326402;58.0
800;714;226;320,0.5141465555766825;0.04794372952428517;13.0
800;332;226;320,0.4744290922514297;0.04790118133442637;12.0
69;714;226;320,0.5535192141442987;0.0480177034325711;14.0
69;332;226;320,0.5137989479836397;0.0479751552427123;13.0
800;716;226;321,0.7755883604939414;0.0321194802937618;13.0
800;336;226;321,0.7150890503474923;0.032116407369959375;12.0
69;716;226;321,0.8343490622955753;0.03219345420204773;14.0
69;336;226;321,0.7738437042135654;0.032190381278245306;13.0
800;12;383;323,0.9904210017765885;0.027209986791240585;12.0
69;12;383;323,0.9210569805674532;0.02713601288295466;11.0
800;720;383;324,1.040983438119544;0.04073267671796155;22.0
800;718;383;324,0.9923971331078827;0.040732409385787635;21.0
69;720;383;324,0.9942450314624691;0.040658702809675616;21.0
69;718;383;324,0.9456924421131547;0.04065843547750171;20.0
800;197;383;31,0.6896098593950721;0.10654387088238564;39.0
800;13;383;31,0.6710458680214968;0.10654385500894463;38.0
69;197;383;31,0.6715466427115113;0.1064698969740997;38.0
69;13;383;31,0.6530174890324859;0.10646988110065869;37.0
800;14;383;36,0.6468395886082657;0.0932104255956732;32.0
800;70;383;36,0.6258111568153061;0.09321040272900954;31.0
69;14;383;36,0.626340063675366;0.09313645168738727;31.0
69;70;383;36,0.605348514661682;0.09313642882072361;30.0
800;724;383;304,1.0080228612498048;0.09936909441664013;50.0
800;184;383;304,1.0287742449304627;0.09936991216515954;51.0
69;724;383;304,0.9881041318371334;0.09929512050835419;49.0
69;184;383;304,1.008816738675271;0.0992959382568736;50.0
800;362;383;327,1.0661173022474943;0.12527574478414563;69.0
800;726;383;327,1.049235793742589;0.1252752179187837;68.0
69;362;383;327,1.0499058019632097;0.1252017708758597;68.0
69;726;383;327,1.0330594656928576;0.12520124401049776;67.0
800;17;383;44,1.059637731202718;0.13148437481148115;72.0
69;17;383;44,1.044129406813156;0.13141040090319522;71.0
800;390;383;330,0.8411245418758815;0.10191917788028224;45.0
800;728;383;330,0.821358623232941;0.1019176005831892;44.0
69;390;383;330,0.821983857782967;0.1018452039719963;44.0
69;728;383;330,0.80225454520635;0.10184362667490326;43.0
800;18;383;332,0.9029670273787745;0.0932642413396298;42.0
69;18;383;332,0.8820239806750506;0.09319026743134386;41.0
800;734;383;271,0.5873585383479706;0.1719759340041877;55.0
800;73;383;271,0.5759064642226551;0.17197588079839451;54.0
69;734;383;271,0.5761852407922142;0.17190196009590178;54.0
69;73;383;271,0.5647582921150743;0.1719019068901086;53.0
800;19;383;239,0.7491687395727316;0.12586060489878353;50.0
69;19;383;239,0.7336773176170235;0.1257866309904976;49.0
800;20;383;234,1.2053380034891095;0.10363925397733953;64.0
69;20;383;234,1.1858020817729438;0.10356528006905359;63.0
800;738;383;335,0.6630877119394826;0.15430276016302022;55.0
800;137;383;335,0.6501589370247315;0.15430274696979832;54.0
69;738;383;335,0.6505054348859173;0.1542287862547343;54.0
69;137;383;335,0.6376044010483398;0.1542287730615124;53.0
800;21;383;337,0.7141644066592017;0.13918924686741582;53.0
69;21;383;337,0.7001619123526691;0.1391152729591299;52.0
800;22;383;173,0.686583187925271;0.10966281454684537;40.0
69;22;383;173,0.6690248176090335;0.10958884063855943;39.0
800;742;383;339,0.9097174804085207;0.04643293435459951;22.0
800;278;383;339,0.8672520200307321;0.046432931553854646;21.0
69;742;383;339,0.8686788354325758;0.04635896044631358;21.0
69;278;383;339,0.8262525701503007;0.046358957645568716;20.0
800;23;383;340,0.8693014303171298;0.04632675675360073;21.0
69;23;383;340,0.8282081202125149;0.0462527828453148;20.0
800;744;383;341,0.640156673069376;0.08836272389374407;30.0
800;172;383;341,0.6180157553979659;0.0883626894411324;29.0
69;744;383;341,0.6185648272724809;0.08828874998545813;29.0
69;172;383;341,0.5964616320772058;0.08828871553284647;28.0
800;24;383;294,0.8853608419809796;0.12281739925573497;57.0
69;24;383;294,0.8692279497177566;0.12274342534744903;56.0
800;746;383;343,1.0770548949849348;0.12410606652945598;69.0
800;134;383;343,1.0599954089158712;0.12410605929665497;68.0
69;746;383;343,1.0606829370857551;0.12403209262117004;68.0
69;134;383;343,1.043658961271401;0.12403208538836903;67.0
800;26;383;202,0.9053457800069488;0.12869466287069425;61.0
69;26;383;202,0.8898587599133843;0.12862068896240833;60.0
800;29;383;255,0.778244714973859;0.13344879409536348;55.0
800;750;383;255,0.7630707757055144;0.13344875888747196;54.0
69;29;383;255,0.7635339260400807;0.13337482018707755;54.0
69;750;383;255,0.7483914198119898;0.13337478497918603;53.0
800;27;383;345,0.7284819276017537;0.12155295432275916;47.0
69;27;383;345,0.7125074532274159;0.12147898041447322;46.0
800;28;383;347,0.8240546944219231;0.23641808616915164;102.0
800;754;383;347,0.8331751087384281;0.23641815332664923;103.0
69;28;383;347,0.8152615009555879;0.2363441122608657;101.0
69;754;383;347,0.8243591095447653;0.2363441794183633;102.0
800;82;383;349,0.7820034186642577;0.15883785911312914;64.0
800;756;383;349,0.794933501605954;0.15883812279416856;65.0
69;82;383;349,0.7695066126673106;0.15876388520484322;63.0
69;756;383;349,0.7824082301109307;0.15876414888588264;64.0
800;214;383;350,1.2042914747930293;0.10536657702965621;65.0
800;30;383;350,1.184152823120595;0.10536657688441052;64.0
69;214;383;350,1.1850458463595257;0.10529260312137027;64.0
69;30;383;350,1.164946698722834;0.10529260297612458;63.0
800;758;383;351,0.7074642804204662;0.14811021630923848;56.0
800;398;383;351,0.6938994783553408;0.148109994893263;55.0
69;758;383;351,0.694281963278572;0.14803624240095256;55.0
69;398;383;351,0.6807460297576053;0.14803602098497706;54.0
800;31;383;84,0.6944376301269315;0.14800624703309848;55.0
69;31;383;84,0.681274216345815;0.14793227312481255;54.0
800;215;383;298,0.625131739076711;0.13982441648290767;45.0
800;760;383;298,0.6392811728648972;0.139824460389547;46.0
69;215;383;298,0.6113753401685142;0.13975044257462174;44.0
69;760;383;298,0.6254954621705887;0.13975048648126107;45.0
800;32;383;85,0.6194210039372936;0.13809797753254033;44.0
69;32;383;85,0.6055090154765613;0.1380240036242544;43.0
800;61;383;269,0.7861693423652949;0.05829877552086857;24.0
800;33;383;269,0.7524433454833824;0.05829872321654574;23.0
69;61;383;269,0.7534362209071791;0.05822480161258264;23.0
69;33;383;269,0.719752474817492;0.05822474930825981;22.0
800;35;383;355,0.6551512441535942;0.12288645381188543;41.0
69;35;383;355,0.6394892610502244;0.12281247990359949;40.0
800;768;383;357,0.6940437820920322;0.12708669570704592;45.0
800;252;383;357,0.7097502612491444;0.12708718481374753;46.0
69;768;383;357,0.6788066224804131;0.12701272179876;44.0
69;252;383;357,0.6944814402693549;0.1270132109054616;45.0
800;399;383;359,0.722671744688796;0.13262515296263663;49.0
800;770;383;359,0.7378166328427584;0.1326268332754967;50.0
69;399;383;359,0.7079891188170095;0.1325511790543507;48.0
69;770;383;359,0.7231030221947552;0.13255285936721078;49.0
800;37;383;358,0.7371174069089519;0.13523560520540562;53.0
69;37;383;358,0.7226760043459162;0.1351616312971197;52.0
800;772;383;104,0.6993828733126594;0.14446121504479822;52.0
800;143;383;104,0.7132905517147784;0.14446121685381108;53.0
69;772;383;104,0.685899979762827;0.1443872411365123;51.0
69;143;383;104,0.6997782639781424;0.14438724294552516;52.0
800;38;383;362,0.6962065984580821;0.14766623735921958;53.0
800;774;383;362,0.709817674848726;0.1476662375102669;54.0
69;38;383;362,0.6830104305513421;0.14759226345093365;52.0
69;774;383;362,0.6965925412329629;0.14759226360198097;53.0
800;39;383;171,0.736858027083937;0.13777138395302863;54.0
69;39;383;171,0.7226704728261052;0.1376974100447427;53.0
800;308;383;265,0.6999524922890029;0.13915313471273982;50.0
800;776;383;265,0.7143681461041701;0.13915313625017908;51.0
69;308;383;265,0.6859761854429526;0.1390791608044539;49.0
69;776;383;265,0.7003617528040914;0.13907916234189316;50.0
800;40;226;364,0.6113645490945603;0.03743287031606455;12.0
69;40;226;364,0.6618126587428855;0.03750684422435048;13.0
800;778;226;283,0.35880477902712454;0.06778706468389951;13.0
800;227;226;283,0.33078411389539225;0.06778706220515701;12.0
69;778;226;283,0.3864555919607386;0.06786103859218545;14.0
69;227;226;283,0.35839566069519035;0.06786103611344295;13.0
800;41;383;367,0.7301120279325491;0.13138891489889945;51.0
69;41;383;367,0.7152819596855714;0.13131494099061353;50.0
800;784;383;285,0.7526330931987071;0.06079395131573719;24.0
800;296;383;285,0.720347301226248;0.06079377297341177;23.0
69;784;383;285,0.7212587452662083;0.06071997740745126;23.0
69;296;383;285,0.6890150156646614;0.06071979906512584;22.0
800;42;383;368,0.6707291233993916;0.07901432397620922;28.0
69;42;383;368,0.6465758355555115;0.07894035006792328;27.0
800;786;383;370,0.656395063630104;0.08629922230621279;30.0
800;344;383;370,0.63369350147382;0.08629906158182665;29.0
69;786;383;370,0.6342681742901924;0.08622524839792685;29.0
69;344;383;370,0.6116048053981908;0.08622508767354072;28.0
800;43;383;372,0.6220644021397299;0.08485514494544669;26.0
69;43;383;372,0.5996249996399797;0.08478117103716075;25.0
800;788;383;287,0.6692275730879871;0.09303970209833466;33.0
800;277;383;287,0.6481029667020458;0.09303970191618273;32.0
69;788;383;287,0.6486518230488715;0.09296572819004872;32.0
69;277;383;287,0.6275643138552328;0.09296572800789679;31.0
800;44;383;373,0.7449873044115082;0.1215504860187772;48.0
69;44;383;373,0.7289796210451551;0.12147651211049126;47.0
800;790;383;299,0.6327625996826441;0.1411329099144588;48.0
800;364;383;299,0.6187651587320345;0.14113126718651167;47.0
69;790;383;299,0.6191144503888822;0.14105893600617286;47.0
69;364;383;299,0.6051459239837411;0.14105729327822575;46.0
800;45;383;162,0.6509293515781311;0.101147761213044;35.0
69;45;383;162,0.632000544451352;0.10107378730475806;34.0
800;239;383;377,0.8662304125036522;0.11878193179012163;52.0
800;792;383;377,0.8834559590517177;0.11878193361719873;53.0
69;239;383;377,0.8496242775286513;0.11870795788183569;51.0
69;792;383;377,0.8668153051597376;0.11870795970891279;52.0
800;46;383;379,0.9107331200370467;0.11966163447774351;55.0
69;46;383;379,0.8941520063953958;0.11958766056945758;54.0
800;794;383;325,0.6858958537244653;0.10708067838170635;39.0
800;229;383;325,0.6674320180049508;0.10708063612023828;38.0
69;794;383;325,0.667927605907747;0.10700670447342041;38.0
69;229;383;325,0.6494984794657503;0.10700666221195235;37.0
800;421;226;217,0.45279372105021815;0.05421137832183659;13.0
800;796;226;217,0.42015740679986885;0.05387215615245862;12.0
69;421;226;217,0.48755479832615717;0.05428535223012253;14.0
69;796;226;217,0.45510128658548316;0.05394613006074455;13.0
800;85;383;382,0.6623865187338609;0.18676827095074766;65.0
800;798;383;382,0.6731876815006504;0.18676915075355932;66.0
69;85;383;382,0.6519050043155658;0.18669429704246174;64.0
69;798;383;382,0.6626816400710538;0.1866951768452734;65.0
800;49;226;227,1.5795706774923925;0.0024399623557680994;2.0
69;49;226;227,2.302411063049478;0.0025139362640540265;3.0
800;50;383;384,0.7222462776983597;0.14283604296348124;55.0
69;50;383;384,0.708568423052067;0.1427620690551953;54.0
50;430;384;245,2.290338809403769;0.10818162167940153;118.0
50;376;384;245,2.267611803484107;0.10818128555107157;117.0
50;682;384;329,2.205626762678516;0.10586562194819917;111.0
50;432;384;329,2.2285536239459334;0.1058658617008983;112.0
50;434;384;203,2.3180941455791695;0.09521093245108186;105.0
50;377;384;203,2.343335967119044;0.09521106819543577;106.0
50;436;384;266,1.6294317758079628;0.11375741306944456;91.0
50;686;384;266,1.649470897414775;0.11375753168834607;92.0
50;438;384;128,1.9437699275801599;0.09097608983163426;87.0
50;440;384;131,1.6410471011669663;0.1207520330617531;97.0
50;58;384;133,1.58508922276162;0.11935058255952193;93.0
50;442;384;133,1.604216392335579;0.11935111473242896;94.0
50;444;384;135,2.0889328992139187;0.12433132130263583;123.0
50;658;384;135,2.1088985287787665;0.12433133627614834;124.0
50;130;384;137,2.1182579923384672;0.0931555057418383;95.0
50;446;384;137,2.143367702740274;0.09315550710820428;96.0
50;767;384;543,1.564336934791365;0.12080968405133383;94.0
50;769;384;83,1.5460878223287033;0.12076778222587078;93.0
50;771;384;544,1.5513011415134665;0.10963081439882885;85.0
50;773;384;86,1.533501418997225;0.10945867914336747;84.0
50;775;384;86,1.5335014435028926;0.10945867751850333;83.0
50;777;384;544,1.5513011087162212;0.1096308165516411;84.0
50;779;384;87,1.7423246220795727;0.031408523314334205;27.0
50;783;384;545,1.7946005821664714;0.03161921099807977;28.0
50;781;384;545,1.8588943438647887;0.03161921157034858;29.0
50;785;384;545,1.794585077903314;0.031619478563275495;29.0
50;787;384;87,1.74232622500992;0.03140849500791445;28.0
50;789;384;89,1.7001560060733787;0.10686834135182567;89.0
50;791;384;546,1.7156167591128841;0.10720764154529883;90.0
50;793;384;546,1.7155177235794663;0.10721339974966969;91.0
50;795;384;89,1.70035866593913;0.10685648776101238;90.0
50;797;384;547,1.5694897091186484;0.10712336275703575;84.0
50;799;384;92,1.5729411473735846;0.10690462140162048;84.0
50;391;384;28,1.9952961585860658;0.13422066676037625;128.0
50;51;384;367,1.8969788452342267;0.012266020499178014;11.0
50;52;384;388,2.0496081619545863;0.02678153932291411;28.0
50;53;384;150,2.23785500751641;0.10141874653927996;109.0
50;3;384;150,2.2141300589026995;0.10141831620763953;108.0
50;55;384;333,1.2688813473666924;0.1462684848630645;93.0
50;236;384;392,2.0840368505015263;0.09986413268291004;101.0
50;56;384;52,1.913420058275193;0.1013331917999689;95.0
50;253;384;394,1.8848631069376434;0.102766022908407;95.0
50;57;384;120,1.888661579878914;0.09801001013508602;91.0
50;221;384;356,1.77780178365392;0.10131420814249349;88.0
50;156;384;398,1.968944746950304;0.09206665173226423;88.0
50;60;384;158,2.1391202243067013;0.11738000901627463;120.0
50;350;385;346,1.0601453318540963;0.09661387492141887;53.0
50;138;384;167,2.44645105430463;0.05809314947506433;69.0
50;62;384;400,1.7834773951616532;0.10819759831744535;95.0
50;140;384;401,1.668550298921873;0.12147011295374287;99.0
50;63;384;402,1.5566905570906526;0.12135633887628088;94.0
50;329;384;404,1.6890072098743347;0.1037739762643818;87.0
50;64;385;406,0.6101849983968837;0.006300413294037197;2.0
50;66;384;408,1.657189975493485;0.12868414858184102;104.0
50;65;384;250,1.9495713415007803;0.10627668015556868;101.0
50;67;384;118,2.1684185749406164;0.06816632498902006;72.0
50;98;384;230,2.6912487366226103;0.06762883918710998;87.0
50;68;384;241,2.459465372320103;0.06216886032195606;74.0
50;386;384;412,2.2978952924722282;0.09795643711235798;107.0
50;198;384;35,2.310933046685713;0.0531177605112778;60.0
50;71;384;395,1.8604696698576226;0.10402243307916353;95.0
50;183;384;413,2.169819146613254;0.11374666853557114;118.0
50;72;385;194,0.4563472838610412;0.029227559644277652;7.0
50;223;385;258,0.8719252206603574;0.05932400831024695;27.0
50;276;384;415,1.6744152473380944;0.11092138982756505;91.0
50;297;385;381,0.6560150698073992;0.04646960993819453;16.0
50;75;385;407,0.5858506914351436;0.0065609969231299895;2.0
50;77;384;417,1.7066199106067823;0.10401215447519396;87.0
50;274;384;206,1.6674353609881387;0.1253894001024526;102.0
50;78;384;338,1.6135577400770618;0.11609859717728988;93.0
50;275;384;360,1.6453836674965323;0.11787890326714637;95.0
50;79;384;405,1.654501263027292;0.10578961216957644;87.0
50;80;384;380,1.4115774869991364;0.19818914607223173;138.0
50;224;384;99,1.5423838184983607;0.1429061463457654;108.0
50;81;384;421,1.3466857193243982;0.20645901452168505;138.0
50;83;384;324,2.2794135687128305;0.10366268691285914;112.0
50;84;384;295,2.415522504946767;0.05792373247053895;68.0
50;426;384;331,2.2475835185153827;0.07737425630960579;85.0
50;86;384;423,2.1068573571040465;0.09155001120433051;93.0
50;135;384;291,2.1165792712679643;0.09012130582928476;92.0
50;87;384;109,1.9144150771134976;0.09452810817277421;89.0
50;339;384;75,2.0436383173644894;0.10494372973067162;104.0
50;88;384;403,1.5353983378157303;0.12290496307488281;94.0
50;90;384;66,2.3153815277958874;0.018583702915942357;21.0
50;89;384;174,2.268366575392936;0.04854757393825866;54.0
50;188;384;426,2.5367332051510165;0.08747081215884954;106.0
50;162;384;427,1.9471301165029893;0.0919313725399639;87.0
50;93;384;424,2.0250033962534717;0.10584310074217819;103.0
50;94;384;430,1.78478892866349;0.09737216600921926;85.0
50;157;384;17,1.5785240728151195;0.1278228579206477;100.0
50;230;385;78,1.050693120531862;0.09189657521556338;50.0
50;96;385;432,0.9931502419259202;0.08720125642005311;45.0
50;409;385;433,0.9980569375084517;0.0848681029309063;44.0
50;97;384;434,1.5862051912442554;0.17890458486174035;138.0
50;357;384;435,1.649651934517144;0.1727957397196936;138.0
50;381;384;107,1.8490574722322066;0.008368199319409743;7.0
50;99;384;437,1.846177169917923;0.15258598442865054;135.0
50;397;384;437,1.8297510137407946;0.15258592924951822;134.0
50;180;384;301,1.8616194996434068;0.15144472110990606;135.0
50;360;384;301,1.8450559177709016;0.15144466846569177;134.0
50;4;384;386,1.9491426285691291;0.13827842816128175;129.0
50;100;384;386,1.9311571491103452;0.13827828616923177;128.0
50;101;384;440,2.0271066775849937;0.07793179651622859;77.0
50;269;384;389,1.9562063546761537;0.028036984530144127;28.0
50;102;384;268,2.332064141224256;0.08603898982993778;96.0
50;108;384;444,1.7313576830721231;0.09896205895597822;84.0
50;103;384;410,2.685477227971998;0.0685956841230004;88.0
50;315;384;445,2.7058075255350458;0.06892669035202009;89.0
50;301;384;378,2.1865726722802035;0.09344481976119329;99.0
50;105;384;393,2.0510006938457837;0.10136681449236105;101.0
50;375;384;396,1.8787057036343229;0.09849618280718801;91.0
50;106;384;148,1.6542031324618973;0.10200076817958026;84.0
50;107;384;90,1.7161976863139317;0.1084109825906477;92.0
50;417;384;323,2.1594114581916126;0.11636035769440865;120.0
50;424;385;385,1.1576368188066632;0.003327355252038945;2.0
50;109;384;418,1.6620465138286329;0.12705043162440854;103.0
50;242;384;59,1.995296819701068;0.10841323972872041;105.0
50;110;384;443,1.7501845301606085;0.0991734310136649;85.0
50;111;384;449,2.203118276520773;0.11215262651869418;118.0
50;112;385;450,0.432378032990332;0.017694921147777924;4.0
50;113;384;451,2.1905164101218046;0.06362776729768313;69.0
50;400;384;452,1.7846856753092393;0.015219993621959117;13.0
50;114;384;453,2.304423665242622;0.061530540616555766;69.0
50;167;384;454,1.5246605224283687;0.11413112374177858;87.0
50;116;384;456,1.9956327389136883;0.08874802074902341;87.0
50;338;384;300,1.598839017141303;0.11840308740390267;94.0
50;247;384;457,1.434393378876868;0.12075037611011798;87.0
50;371;385;138,1.0123278933220976;0.08945015861475723;47.0
50;119;384;60,1.7349077093165464;0.1060976837015769;90.0
50;120;384;459,2.466575359775548;0.06112213566619881;73.0
50;244;384;334,2.851916199532266;0.0774878230083883;105.0
50;121;384;334,2.820698854505606;0.07748776253901517;104.0
50;190;384;460,1.8006075428905135;0.1548073620384254;134.0
50;122;384;425,1.508344983705369;0.124930557250031;94.0
50;170;384;419,1.6578182339999161;0.1183429719249877;96.0
50;123;384;462,1.671267240194567;0.12001187137906952;98.0
50;124;384;464,1.82788253057635;0.0928935179101852;83.0
50;125;384;465,1.6433956439668425;0.11543347128243762;94.0
50;164;384;466,1.5649786308356732;0.11540759014935803;89.0
50;126;384;391,1.2333555840904182;0.15170431467951323;95.0
50;146;384;361,1.6224696989843368;0.12071921163609282;96.0
50;127;384;106,1.3573648687697104;0.2050509338222218;138.0
50;343;384;366,1.3038245168155653;0.21231048369240818;138.0
50;128;384;442,2.228613573526846;0.09079282129642045;97.0
50;379;384;372,2.388143044059939;0.0585625637546296;69.0
50;129;384;372,2.344420430218101;0.0596124637476412;68.0
50;325;384;289,2.752364921369742;0.07931251319406456;104.0
50;131;384;471,2.3922753762734827;0.05757382470987533;67.0
50;132;384;205,1.5076899437258275;0.11945271069196411;90.0
50;133;384;353,1.5663192728385502;0.1139812169637677;88.0
50;290;384;297,1.4790019041067866;0.1173859640353876;87.0
50;425;384;46,2.2273484263577092;0.1120453750862877;119.0
50;136;384;46,2.2054121558479873;0.11204446092156531;118.0
50;331;384;374,1.8863060182782623;0.09584907270675513;89.0
50;291;384;32,2.4125911278624614;0.03884274157672448;46.0
50;139;384;476,2.60398620568411;0.0835865887818511;104.0
50;423;384;470,2.6806319480596237;0.08132283380557404;104.0
50;262;384;71,2.113426294823401;0.09856428440988622;101.0
50;141;384;377,2.1074054551011008;0.09256611731645226;94.0
50;142;384;376,2.1593067458189736;0.09250917526114398;96.0
50;243;384;128,1.93530122659908;0.09135058139270483;86.0
50;144;384;12,1.729451063748692;0.16309373528677587;136.0
50;145;384;463,1.7669111666165656;0.09709629358952009;84.0
50;161;384;429,1.75173129499679;0.1003001273043601;87.0
50;147;384;248,1.5692972079195535;0.12045769018563322;94.0
50;148;385;218,0.9554143580276505;0.07038565286042661;35.0
50;2;385;218,0.983996128871991;0.07038579309547166;36.0
50;340;384;455,1.4853639240039744;0.11692135069870097;87.0
50;149;384;209,2.4729213227721214;0.089596631626561;106.0
50;150;385;140,1.0038896637468533;0.08248340185211386;43.0
50;205;384;469,1.3004346432004492;0.21439388057722517;139.0
50;151;384;469,1.2891287987296685;0.2143938704365984;138.0
50;153;384;322,1.6008443815760496;0.1774570565007182;138.0
50;367;384;10,1.6784051018256059;0.1701625748591587;138.0
50;154;385;141,0.5930133091603229;0.04174033420603244;13.0
50;176;384;387,1.8162316269002845;0.013881902908604839;12.0
50;155;384;54,1.9881170852146999;0.08906411372248904;87.0
50;158;384;483,1.9706365342137748;0.1052182392273448;101.0
50;403;384;40,2.355878031058129;0.07398838848864553;85.0
50;411;384;130,1.6585286251901195;0.12086131180195621;98.0
50;159;384;480,1.567806606418666;0.12056325137175339;94.0
50;405;384;127,2.1447156049131166;0.09515585415787094;99.0
50;163;384;336,1.4613492541941404;0.12861273082357447;94.0
50;395;384;484,1.7912384999739464;0.030567863392153578;28.0
50;213;384;411,2.4809024395743426;0.06252463319852038;75.0
50;165;384;485,2.2202845521769605;0.06280947541508504;69.0
50;422;384;65,2.2651292914310086;0.06537947348513509;73.0
50;166;384;277,1.7683939887581768;0.09702000554151897;85.0
50;295;384;487,1.763039517088691;0.0972960484633703;85.0
50;169;384;13,2.0640626976564707;0.07971450441356544;80.0
50;168;384;488,2.086467238494498;0.07993140439963542;81.0
50;313;384;235,2.0139943391524517;0.08798512514139542;87.0
50;416;384;344,1.7983379102957955;0.1073658355383426;95.0
50;173;384;384,2.0085640520998123;0.0019194794687848933;1.0
50;363;384;384,3.01656456379958;0.0019195187107654027;2.0
50;210;385;489,0.8443543231564512;0.054423324499709304;24.0
50;174;385;262,0.8230035081248582;0.04885020454810722;21.0
50;175;384;491,2.2352140050262257;0.02459318518040857;28.0
50;448;385;139,1.0068591736010488;0.0879939654432118;46.0
50;450;385;80,0.9847105111727369;0.08009833070535169;41.0
50;380;385;80,1.0100528475144377;0.08009876438058793;42.0
50;452;385;142,0.5686756196581162;0.04016956852928108;12.0
50;454;384;144,1.8097598603815066;0.14667060017827943;127.0
50;351;384;144,1.8266167877682542;0.14667060027040485;128.0
50;456;384;143,1.8373929523512162;0.14711327013668477;130.0
50;458;384;134,2.0648492781455143;0.12786916418323743;126.0
50;460;384;33,2.170345124455155;0.08098376385987138;85.0
50;462;384;147,1.7191773817436256;0.09839203502838934;84.0
50;464;384;149,2.2282850882311585;0.1008162332250019;108.0
50;466;384;152,2.63521874224813;0.0664839514303081;84.0
50;592;384;152,2.669955401369722;0.0664839542379551;85.0
50;238;384;189,1.682044354399622;0.11045437170984757;92.0
50;304;384;492,2.0618571798629075;0.12143175558471528;119.0
50;178;384;464,1.8369165340687292;0.09246409136824994;84.0
50;179;384;98,1.8129025019654803;0.09244561112425394;83.0
50;261;384;190,1.700154198253543;0.10313914807941126;86.0
50;181;384;461,1.6668348628049734;0.11902823845084322;97.0
50;182;384;436,1.7194960142774107;0.010124747247982515;8.0
50;201;384;233,1.483232969509395;0.12687147639366517;94.0
50;388;384;493,1.5700775038913877;0.12040250498279861;93.0
50;185;384;464,1.8999912289088414;0.0895730407532246;83.0
50;468;384;153,1.532680945077831;0.1451111804301141;109.0
50;470;384;154,2.3722656505294877;0.09316827401620544;106.0
50;472;384;156,1.700746753326385;0.10558972866198377;88.0
50;474;384;157,2.1528109218339666;0.11669009060484925;120.0
50;476;384;160,2.2860493560291504;0.08380391598874212;92.0
50;228;384;88,1.8904984488186136;0.032157280621798554;30.0
50;478;384;88,1.954006609981009;0.03215754894872481;31.0
50;480;384;162,2.228179080150251;0.0438182616626846;48.0
50;482;384;164,2.103249355477867;0.07220446442149073;74.0
50;15;384;164,2.134204787362916;0.07220548556383607;75.0
50;484;384;165,2.132979340968103;0.07525466628719461;78.0
50;486;384;163,2.098466052504982;0.07439333138315408;76.0
50;194;384;163,2.1285649019886232;0.07439659654124965;77.0
50;420;384;439,1.9016639526104409;0.1402276147929072;128.0
50;186;384;136,2.143179820718493;0.09419076949479917;98.0
50;187;384;448,1.9657303359228049;0.10992749896426264;104.0
50;309;384;448,1.9872949021066098;0.10992832676855693;105.0
50;248;384;472,1.4943001151092459;0.12043938031215493;90.0
50;189;384;473,1.4710522676924838;0.11797173529432782;87.0
50;191;384;275,1.563971914593762;0.1181534675566044;91.0
50;323;384;475,1.8612486555368473;0.09705814208062626;89.0
50;192;384;477,2.6142318994004032;0.08414806438453562;105.0
50;322;384;477,2.585664698338969;0.08414650904346278;104.0
50;193;384;428,2.0318098286889277;0.1065998201460485;105.0
50;488;384;167,2.43461193029808;0.05836494215012056;69.0
50;766;384;167,2.4727757332528344;0.05836502700340274;70.0
50;490;384;169,2.499548034397057;0.05862333490349155;71.0
50;492;384;170,1.7757431593428423;0.1098424097178266;96.0
50;318;384;170,1.7547570252325302;0.1098421924320347;95.0
50;494;384;172,1.6434844421840955;0.10389640233940077;84.0
50;16;384;172,1.6651482486281082;0.103896413020378;85.0
50;538;384;132,1.6085500918764015;0.12036722198871881;95.0
50;496;384;132,1.6276175147563412;0.12036724000812543;96.0
50;226;384;173,2.210724372043219;0.033977376546772305;37.0
50;498;384;173,2.271815393175023;0.033978362485577035;38.0
50;500;384;56,2.2551929423712207;0.04789984684868698;53.0
50;502;384;176,2.5075907465261036;0.0644829718462376;78.0
50;91;384;176,2.542684014916771;0.06448722982924583;79.0
50;504;384;178,2.2830626186419014;0.1005300003345639;109.0
50;506;384;179,2.2922382916731467;0.0991675106314221;108.0
50;195;384;311,1.707504243482581;0.16235859327662389;134.0
50;232;384;263,2.026262929436671;0.07691186217973715;76.0
50;196;384;215,1.3514694234573246;0.1275458787612179;87.0
50;370;385;481,0.9678797460719851;0.0734865547836485;37.0
50;355;385;496,0.8803758139985278;0.06310875641078394;29.0
50;199;385;414,0.8690969216343887;0.06170210837752315;28.0
50;200;385;225,0.5831888341205794;0.03596085648354131;11.0
50;337;384;441,1.8809244751351777;0.029137904414345744;28.0
50;234;384;368,2.1929356108914155;0.06646623344505898;71.0
50;202;384;121,2.5664439294779906;0.08651507565758665;106.0
50;508;384;180,2.307282704975352;0.060534267183884403;69.0
50;510;384;182,1.8609115979088193;0.10515847514363193;96.0
50;730;384;182,1.8389152943844784;0.10515845982714651;95.0
50;512;384;184,1.7721219660041436;0.15704205784862402;134.0
50;514;384;186,1.4414139936037857;0.13167890929620044;95.0
50;203;384;186,1.4242354735664688;0.13167768917191058;94.0
50;516;384;188,1.6965430826896701;0.1095775802039204;92.0
50;427;384;191,1.674558976074917;0.10209621270122425;84.0
50;518;384;191,1.6966291827345774;0.10209640373041486;85.0
50;520;384;192,1.5789212385122038;0.11049029377709949;87.0
50;522;385;101,0.3575832070498065;0.02662178954465363;5.0
50;76;385;101,0.4296382524867954;0.02662191279021527;6.0
50;524;384;195,1.3987178915788583;0.20129800913464177;139.0
50;732;384;195,1.3865575589481978;0.20129800251671892;138.0
50;526;384;197,2.2803288400264785;0.10462065499890055;113.0
50;204;384;328,2.255890027414318;0.09966238876287241;108.0
50;410;384;237,1.9961389704001389;0.10396472038002502;101.0
50;206;384;446,2.1715136486761386;0.09405327011099784;99.0
50;207;384;399,2.0992097047608214;0.11943860097163748;120.0
50;208;384;345,2.1785683231587356;0.023388343540687175;25.0
50;209;384;409,2.1537460567570976;0.06959888870873814;73.0
50;418;384;458,2.2407771854144687;0.06796847114027503;75.0
50;211;384;168,2.530975156782756;0.058774265910352445;72.0
50;212;384;175,2.5525737726506437;0.06510360226344196;80.0
50;528;385;199,0.5385250167895821;0.03186864105600489;9.0
50;152;384;200,2.2430954116682957;0.07849106937224247;86.0
50;530;384;200,2.2139122023498725;0.07849106894086676;85.0
50;532;384;69,2.1173053659278303;0.0994397281451479;102.0
50;534;384;155,2.361736474117163;0.09451478993673809;107.0
50;118;384;155,2.336304432395402;0.09451435189542372;106.0
50;289;384;112,1.4741637392314741;0.15173954018385405;110.0
50;536;384;112,1.4895974331849642;0.15174037067358664;111.0
50;540;384;77,1.537312875592482;0.11868387814675832;91.0
50;752;384;77,1.5182778965991044;0.1186838778031528;90.0
50;36;384;207,1.6656219086447106;0.12294811763673602;100.0
50;542;384;207,1.6845218548237593;0.12294820253911369;101.0
50;748;384;208,2.5408795965889728;0.08823281928013225;107.0
50;544;384;208,2.5135077295562707;0.08823276420976842;106.0
50;59;384;129,1.9630860852083993;0.09122841234242264;88.0
50;546;384;129,1.938056620546498;0.09122839812966158;87.0
50;548;384;210,1.9285439795830754;0.10735467305929577;101.0
50;293;384;212,2.095274634381233;0.032913058102417195;34.0
50;550;384;212,2.1579604767728817;0.032913058259800246;35.0
50;762;384;213,1.6719147777745493;0.10350418325232275;86.0
50;552;384;213,1.6524954644619583;0.10336787960466795;85.0
50;554;384;214,1.3748744254757443;0.1270393517047789;88.0
50;782;384;214,1.357344580337224;0.12703934221047275;87.0
50;556;384;216,1.4539983988184262;0.1931319559088802;138.0
50;285;385;219,0.942348809130375;0.06725139304591271;33.0
50;558;385;219,0.9721717351272617;0.06725143262736469;34.0
50;560;385;221,0.8924098803713548;0.0644304966301814;30.0
50;562;385;220,0.9055050915123115;0.06564653023487717;31.0
50;251;385;220,0.9359314900182376;0.06564656514603537;32.0
50;564;384;185,1.7396993929103046;0.1596654315622761;134.0
50;160;385;224,0.6936101711189843;0.04674869380439114;17.0
50;566;385;224,0.7353499127216826;0.04674869386016881;18.0
50;568;385;198,0.5721471364471831;0.03333843308473482;10.0
50;406;384;145,1.8292429806760044;0.14770585901844174;129.0
50;570;384;145,1.8460694040203591;0.14770585930646493;130.0
50;572;384;226,1.8480477172577128;0.14391581132038675;128.0
50;574;384;229,1.813269265752994;0.010677584172141086;9.0
50;576;384;151,2.6908395180234312;0.06681367484214103;86.0
50;578;384;231,1.655882228094514;0.10317062368544015;85.0
50;92;384;231,1.6341164639406014;0.10317058363757861;84.0
50;580;384;232,1.4861589504773585;0.12664222749611231;94.0
50;374;384;47,2.8212809041147513;0.07584909785654627;101.0
50;582;384;47,2.853027554556388;0.07584910793832139;102.0
50;584;384;6,2.0455567971388424;0.08670395840877776;87.0
50;258;384;236,2.042474151500438;0.10283969861346999;102.0
50;586;384;236,2.019556672956998;0.1028396926573965;101.0
50;588;384;238,1.8676204618652743;0.09904321200242885;91.0
50;11;384;240,2.43875140683121;0.0582696228404287;69.0
50;590;384;240,2.476983556797048;0.058269629277568104;70.0
50;594;384;242,2.4097084916838676;0.061613714209779055;72.0
50;95;384;242,2.4460800319844327;0.061613781691583665;73.0
50;596;384;166,2.439410098644162;0.06001224511728095;71.0
50;598;384;243,2.484968431667763;0.06329800351847607;76.0
50;624;384;243,2.5207046153641612;0.06329854810967929;77.0
50;600;384;183,1.8269695302993767;0.1057988148819156;95.0
50;602;384;196,2.2867371427230436;0.10534321307267835;114.0
50;171;384;196,2.3099939308837882;0.10534321888277291;115.0
50;604;384;246,2.093628807074067;0.122986933613963;122.0
50;345;384;247,1.59377377980473;0.12007215553174923;95.0
50;606;384;247,1.5747636968733811;0.1200721421548359;94.0
50;608;384;249,1.9801663597007035;0.10585325270285263;102.0
50;25;384;249,1.957948142821947;0.1058532395253828;101.0
50;610;384;252,1.8702794341183409;0.015577011417155577;14.0
50;740;384;252,1.9975077294527235;0.015577023753790973;15.0
50;612;384;251,1.9594452161925788;0.016879204716646407;16.0
50;614;384;253,2.216101866066639;0.06676318475819476;73.0
50;616;384;254,2.037265023712713;0.10308505260713953;102.0
50;618;384;244,1.8628395920450775;0.10621652340326584;97.0
50;630;384;244,1.8410162843828766;0.10621652211323135;96.0
50;104;384;244,1.8192552376829327;0.10621650172335947;95.0
50;620;384;256,1.5767193486323983;0.11860224584873913;92.0
50;622;384;81,2.2047752008817603;0.09473171098041068;100.0
50;419;384;81,2.2297906605073154;0.09473186950289182;101.0
50;237;384;81,2.25482729054936;0.09473402044292485;102.0
50;626;385;259,0.8378307252061288;0.057102925145282;25.0
50;648;385;259,0.8724692900878783;0.05710295234040137;26.0
50;628;385;261,0.8325030893136379;0.05059809587812047;22.0
50;632;385;223,0.7691400765491557;0.04722335617195686;19.0
50;415;385;223,0.8106591016413199;0.047223356588690354;20.0
50;241;384;264,2.066620864757641;0.07342320003941036;74.0
50;634;384;264,2.0967658012734707;0.0734332883052745;75.0
50;354;384;486,2.2417381752243246;0.06603241984634031;73.0
50;216;384;498,2.565883188224259;0.0656332278726086;81.0
50;342;384;499,2.5913389597314302;0.06586253006072386;82.0
50;217;384;340,2.2937332557313868;0.09714018087693804;106.0
50;327;384;490,2.2328114671919943;0.062471383268412325;69.0
50;218;384;111,2.3439732707768286;0.09615101406837462;108.0
50;414;384;500,2.0899718609240643;0.09749055781575033;99.0
50;233;384;307,2.1223580923070315;0.09713508153330087;100.0
50;219;384;307,2.0981372007873675;0.09713508030916589;99.0
50;220;384;193,1.5308330368384488;0.11370490547212196;87.0
50;396;385;260,0.8507846290850778;0.0517866097843355;23.0
50;271;384;479,2.1001449195992796;0.09914748303624571;101.0
50;346;384;341,2.3256240584128762;0.055514183283866286;63.0
50;225;384;438,1.8227022392664154;0.15311734976185004;134.0
50;283;384;497,2.2047563961681282;0.024020437009229376;26.0
50;385;385;447,0.673228233657125;0.00571261077998517;2.0
50;231;384;98,1.8804366097655607;0.08931804769297358;82.0
50;359;384;354,1.7134213823479278;0.09870138783131903;83.0
50;235;384;187,1.4015636236429783;0.13362292996918426;94.0
50;280;384;397,1.7780933794274618;0.10249580777720844;89.0
50;298;384;95,1.5790032400449283;0.11844389008713051;92.0
50;240;384;370,2.372318601294726;0.05714292074442813;66.0
50;305;384;420,1.4037815736469825;0.1991474802252157;138.0
50;245;384;348,1.6456289924627603;0.13341946707098515;107.0
50;246;384;280,1.5162254441192786;0.18616370759211553;138.0
50;255;384;365,1.574515214922444;0.18147080244718336;139.0
50;249;384;365,1.5608264932779206;0.18147079867561733;138.0
50;250;385;316,0.47750561470220054;0.012046420228467088;3.0
50;389;384;245,2.267858546418697;0.1081703420499793;116.0
50;254;384;329,2.2053953189737014;0.10587596823501277;112.0
50;256;384;1,1.8548627086665075;0.09737117040468068;88.0
50;257;384;501,1.8762158839223089;0.0974747076175605;89.0
50;259;384;501,1.8762156014946978;0.09747472136188222;90.0
50;260;384;1,1.8548620703147294;0.09737120179653456;89.0
50;334;384;3,2.561993379857525;0.08488112772804839;103.0
50;335;384;502,2.571203362093813;0.08547811302175976;104.0
50;366;384;502,2.5712212662721536;0.08547755084450036;105.0
50;265;384;3,2.5619975867028617;0.08488099603270137;104.0
50;264;384;5,2.0502816738295424;0.0844120330741626;84.0
50;266;384;503,2.0485511086612425;0.08553117789982682;85.0
50;267;384;503,2.0487579515559613;0.08552302214359227;86.0
50;268;384;5,2.0503580125662535;0.08440906248974216;85.0
50;307;384;7,1.920250725762752;0.09202378902859548;86.0
50;282;384;504,1.912468996240504;0.09349637421677451;87.0
50;270;384;504,1.9124672458346077;0.09349645459573364;88.0
50;272;384;7,1.9206118878659266;0.09200751810316912;87.0
50;273;384;9,1.6908037592825806;0.16641883374946578;135.0
50;279;384;505,1.692172069598972;0.16761368665018536;136.0
50;372;384;505,1.7070440306012045;0.1676184529036761;138.0
50;281;384;505,1.6921183243480207;0.16761843104347554;137.0
50;1;384;9,1.6908441863338057;0.16641528468981118;136.0
50;284;384;11,1.7041166711743916;0.16264725979393035;133.0
50;347;384;506,1.718475339846513;0.16272685524991948;134.0
50;286;384;506,1.7184754741557422;0.16272684387551825;135.0
50;287;384;11,1.7041162294348338;0.16264729750299003;134.0
50;408;384;507,2.046158715269262;0.07932985207466461;80.0
50;288;384;14,2.031902919500547;0.0788066477995384;79.0
50;353;384;14,2.0319988709418455;0.07880311692486237;78.0
50;330;384;507,2.0461606467485605;0.07932978104793076;79.0
50;294;384;16,1.6504535488729524;0.11625989821686863;95.0
50;412;384;16,1.6503394317360436;0.11626733046833357;94.0
50;365;384;508,1.6332843930817218;0.11868485404075475;95.0
50;299;384;509,1.5811994808015304;0.12628743762999645;99.0
50;326;384;18,1.5844350295311063;0.12338495421554893;97.0
50;300;384;18,1.584147482455827;0.12340555604748138;96.0
50;369;384;18,1.6027286945809565;0.123407687237083;97.0
50;429;384;509,1.5813286305162755;0.12627796914725353;98.0
50;302;385;510,0.9603488157151887;0.07603215945117095;38.0
50;303;385;20,0.9734830929080922;0.07505631966672204;38.0
50;306;385;510,0.9601909162423188;0.07604404532099109;38.0
50;310;385;511,1.0748641542768753;0.09898908932026264;55.0
50;311;385;22,1.0606444783181312;0.09840041730803299;54.0
50;312;385;22,1.060643392941298;0.09840051156995457;54.0
50;314;385;511,1.0748640121388378;0.09898910156910334;55.0
50;316;384;23,1.8576000491881837;0.14809008341741056;131.0
50;317;384;512,1.8697569119062751;0.1484280360297864;132.0
50;378;384;512,1.8697572861703289;0.14842800918249416;133.0
50;319;384;23,1.8576007682178552;0.14809003160694148;132.0
50;320;384;25,2.1541977410628643;0.11451019074701498;117.0
50;321;384;513,2.1673542192330917;0.1149154836852962;118.0
50;328;384;513,2.167355139261487;0.11491543854393123;119.0
50;383;384;25,2.154176913112368;0.11451121559026298;118.0
50;333;384;27,2.0067806682760114;0.13125390339060994;125.0
50;392;384;514,2.025407410114425;0.13127201939025895;126.0
50;387;384;514,2.025407430300777;0.13127201819343604;127.0
50;404;384;27,2.0067807024931192;0.13125390134334772;126.0
50;348;384;515,2.3049373300310703;0.03527003614899184;41.0
50;349;384;30,2.279361597091179;0.03476183923811955;40.0
50;352;384;30,2.2793185849798294;0.03476248040966907;39.0
50;356;384;515,2.3051249598143415;0.03526723101674587;40.0
50;358;384;31,2.5059213420754545;0.03660633093815843;45.0
50;361;384;516,2.620297906111176;0.036627210707432675;48.0
50;394;384;516,2.562301062746628;0.036627210545924556;47.0
50;368;384;31,2.5059212842357126;0.03660633176299641;46.0
50;382;384;34,2.149856790848881;0.07970118881171567;84.0
50;384;384;34,2.1498263097308934;0.07970226037159057;83.0
50;413;384;517,2.163482704449733;0.08022535212388553;84.0
50;401;384;518,2.291787158575766;0.051714330853013725;59.0
50;402;384;36,2.29088681819371;0.05081977796131593;58.0
50;407;384;36,2.2912938439853003;0.050811048144406804;57.0
50;431;384;518,2.2922331644016016;0.05170460644323537;58.0
50;433;384;518,2.334234507136751;0.05170461032046981;59.0
50;435;384;37,2.2053216316634177;0.06707532947731583;72.0
50;437;384;37,2.2386107456713873;0.06707532993215079;73.0
50;439;384;519,2.2708868539763807;0.06710654220995052;74.0
50;441;384;519,2.3043437153992983;0.06710654318860786;75.0
50;445;384;519,2.3043438691312454;0.06710653890672101;76.0
50;443;384;519,2.2708870019394842;0.06710653802802545;75.0
50;447;384;37,2.238611289178009;0.06707531435630454;74.0
50;449;384;37,2.2053221522550395;0.06707531433296599;73.0
50;453;384;39,2.2929685966911197;0.07212931561091133;80.0
50;451;384;39,2.324509775048547;0.07212931715003473;81.0
50;455;384;520,2.316827072992074;0.07329496557920953;82.0
50;457;384;520,2.3480090405948886;0.07329515552730156;83.0
50;461;384;520,2.347857257294061;0.07329966838237797;84.0
50;459;384;520,2.316679446898057;0.07329941389096382;83.0
50;465;384;39,2.324372136120799;0.07213338829346173;82.0
50;463;384;39,2.2928379532654164;0.0721332329847387;81.0
50;469;384;521,2.7423023876543278;0.07378446804490947;97.0
50;467;384;521,2.7101760752357116;0.07378446793571153;96.0
50;473;384;42,2.6850388377125975;0.07360397195124686;95.0
50;471;384;42,2.6530121362058052;0.07360397187242708;94.0
50;477;384;42,2.6530132185930744;0.07360394327820852;93.0
50;475;384;42,2.685039921623585;0.07360394365832222;94.0
50;481;384;521,2.7101782581983844;0.07378441135170705;95.0
50;479;384;521,2.7423045682555216;0.07378441218428511;96.0
50;485;384;43,2.198836083612802;0.10207697926499854;107.0
50;483;384;43,2.2224072357863043;0.10207697979512756;108.0
50;489;384;522,2.223562247494923;0.10304012042044763;109.0
50;487;384;522,2.247032730453601;0.10304013278133524;110.0
50;493;384;522,2.247034748221926;0.10304004644445018;111.0
50;491;384;522,2.223563998344847;0.10304004471378524;110.0
50;497;384;43,2.222441690716694;0.10207550215512336;109.0
50;495;384;43,2.1988702831607636;0.10207549685480086;108.0
50;501;384;45,2.223161157290327;0.10712382140397114;113.0
50;499;384;45,2.2459360216857185;0.10712384400296059;114.0
50;503;384;523,2.2455848891490118;0.10815256159530308;115.0
50;505;384;523,2.2682594573733055;0.10815256563534677;116.0
50;509;384;523,2.268280952798096;0.10815161269201122;117.0
50;507;384;523,2.2456065184046086;0.10815159303694466;116.0
50;511;384;45,2.2460049587388564;0.1071207847054269;115.0
50;513;384;45,2.2232298722791457;0.10712074072286232;114.0
50;517;384;524,2.818570841419379;0.07510812830613865;101.0
50;515;384;524,2.7866860620914453;0.07510790972001004;100.0
50;521;384;48,2.7851266000150696;0.07433169298219726;99.0
50;519;384;48,2.753072963790262;0.07433153115606585;98.0
50;523;384;48,2.7448410696281194;0.07454366551446238;97.0
50;525;384;48,2.775418179742758;0.07457911538546427;98.0
50;527;384;524,2.7878501764076944;0.07507807590057886;99.0
50;529;384;524,2.819693680812095;0.0750796771999962;100.0
50;531;384;49,2.2757113562309947;0.0688581949840212;76.0
50;533;384;49,2.3084584906259558;0.06885820774435553;77.0
50;537;384;525,2.3306670974161805;0.06915815791813175;78.0
50;535;384;525,2.3634470352121344;0.06915816323256337;79.0
50;541;384;525,2.363511375370134;0.06915636512106409;80.0
50;539;384;525,2.330731845211872;0.06915632296553695;79.0
50;543;384;49,2.3085172899156925;0.06885653229265025;78.0
50;545;384;49,2.2757700555926488;0.06885649831201403;77.0
50;547;384;51,1.8571764846274366;0.09956418473683672;90.0
50;549;384;51,1.8802348358563934;0.09956429062254409;91.0
50;551;384;526,1.8923441478028742;0.10010623749219325;92.0
50;553;384;526,1.9154010267173154;0.1001062425252721;93.0
50;555;384;526,1.9153951912686193;0.10010652768686878;94.0
50;557;384;526,1.8923384474347658;0.1001065194468323;93.0
50;561;384;51,1.8804740434291727;0.09955244406244035;92.0
50;559;384;51,1.857410823424547;0.0995524352081437;91.0
50;563;384;527,2.0654035079186723;0.08906246850856928;90.0
50;565;384;527,2.039581940511697;0.0890624680533888;89.0
50;569;384;54,2.017462574827643;0.0889114827541859;88.0
50;567;384;54,1.991740200597432;0.08891145231082317;87.0
50;571;384;54,1.991742456629494;0.08891135741505046;86.0
50;573;384;54,2.017465106737747;0.08891137761195861;87.0
50;575;384;527,2.039581505260185;0.08906248596051107;88.0
50;577;384;527,2.0654030734409;0.08906248616038243;89.0
50;579;384;528,2.1571616078193534;0.07844370197173964;83.0
50;581;384;528,2.128204890614632;0.07844365343765171;82.0
50;583;384;55,2.1562062471946235;0.07647712149948908;81.0
50;585;384;55,2.126629334858477;0.07647709836953015;80.0
50;589;384;55,2.126029885671037;0.07649759065613226;79.0
50;587;384;55,2.155598361430795;0.07649761714787431;80.0
50;593;384;528,2.1275492258962023;0.07846659650137691;81.0
50;591;384;528,2.1564943700105697;0.07846673662927497;82.0
50;597;384;529,2.2555566130570526;0.04697150894053701;53.0
50;595;384;529,2.210056586966239;0.04697117512131552;52.0
50;599;384;57,2.2151915713477366;0.045931683131995554;51.0
50;601;384;57,2.168862053858462;0.04593165669686204;50.0
50;605;384;57,2.169924676057765;0.045909834204248184;49.0
50;603;384;57,2.2162777992101574;0.04590984240354596;50.0
50;607;384;529,2.210379632301596;0.046964519640808396;51.0
50;609;384;529,2.255885396282334;0.04696487183972586;52.0
50;613;384;58,1.9251246783034486;0.10753203824554962;100.0
50;611;384;58,1.9469706781633105;0.10753203856948923;101.0
50;615;384;530,1.9662744526988105;0.10766453874265906;102.0
50;617;384;530,1.9882170271387574;0.10766453894338976;103.0
50;619;384;530,1.9882168579001;0.10766454746726829;104.0
50;621;384;530,1.966274283564741;0.10766454735633309;103.0
50;623;384;58,1.9469708058962247;0.1075320320072784;102.0
50;625;384;58,1.9251248202035494;0.10753203087278095;101.0
50;629;384;531,1.7432936789857763;0.10440314464817674;90.0
50;627;384;531,1.7214992245938874;0.10440313775092952;89.0
50;631;384;61,1.7036990050264826;0.10417841649845065;88.0
50;633;384;61,1.6819767920964932;0.10417839746860874;87.0
50;635;384;61,1.6819642175919205;0.10417912363460695;86.0
50;637;384;61,1.703686567955567;0.10417912557034087;87.0
50;639;384;531,1.7214972902221246;0.10440324711218123;88.0
50;641;384;531,1.7432917966712618;0.10440324973590515;89.0
50;643;384;532,3.299227206582844;0.004109943266919761;7.0
50;645;384;532,2.82435864412358;0.004109927000535316;6.0
50;647;384;63,3.2539711398756657;0.002971215850935006;5.0
50;649;384;63,2.5999574811267214;0.0029711578040763544;4.0
50;653;384;63,2.6063243428282763;0.0029639136756819916;3.0
50;651;384;63,3.2619670778365752;0.0029639466361591326;4.0
50;657;384;532,2.736166938831266;0.0042420326794632614;5.0
50;655;384;532,3.1523806452239898;0.0043008611243836575;6.0
50;659;384;64,2.157676348833422;0.06455559903041663;68.0
50;661;384;64,2.1919455417937224;0.06455560005537594;69.0
50;663;384;533,2.216970739148331;0.06481607040891227;70.0
50;665;384;533,2.251283821592837;0.06481607146854222;71.0
50;667;384;533,2.2512937776575;0.0648157968900359;72.0
50;669;384;533,2.2169805248748795;0.06481579635109702;71.0
50;671;384;64,2.1919517466556724;0.06455542497398534;70.0
50;673;384;64,2.1576824224198177;0.06455542493131246;69.0
50;675;384;534,2.2540032128605443;0.018203195302716236;21.0
50;677;384;534,2.143918192997022;0.01820319020866054;20.0
50;681;384;67,2.0611078605804667;0.01796757215364616;19.0
50;679;384;67,1.9501320601212973;0.017967567345526177;18.0
50;683;384;67,1.9501622861682049;0.017967292110382203;17.0
50;685;384;67,2.061140320082269;0.01796729249535778;18.0
50;687;384;534,2.1439204341717444;0.018203171404616265;19.0
50;689;384;534,2.254006182446128;0.01820317160398596;20.0
50;691;384;68,2.088763632747709;0.09649088780646102;97.0
50;693;384;68,2.113086391242136;0.09649094141626806;98.0
50;695;384;535,2.128835630050292;0.09685810915203062;99.0
50;697;384;535,2.153196212705841;0.09685826822766175;100.0
50;699;384;535,2.153327365944898;0.09685273982318048;101.0
50;701;384;535,2.1289658725098217;0.09685255632583066;100.0
50;703;384;68,2.08887479303452;0.09648607467179525;98.0
50;705;384;70,2.084239148582681;0.09774168963809331;98.0
50;707;384;536,2.1017208750824654;0.09802816600695564;99.0
50;709;384;536,2.1017189056260546;0.09802825201972412;100.0
50;711;384;70,2.0843233015845795;0.09773799380733299;99.0
50;713;384;537,1.6577255450581694;0.11450981395011944;94.0
50;715;384;73,1.6405919823545567;0.11432749063488973;93.0
50;717;384;73,1.6405922544377876;0.11432747308170618;92.0
50;719;384;537,1.6577259246283924;0.11450978968006864;93.0
50;721;384;74,2.015491686451666;0.10412339514259977;101.0
50;723;384;538,2.0354846170588363;0.10425153356264283;102.0
50;725;384;538,2.035485111545894;0.10425150995070312;103.0
50;727;384;74,2.015492122937056;0.10412337411750834;102.0
50;729;384;76,1.4678040785817763;0.11821276485162897;86.0
50;733;384;539,1.4829815238204993;0.11849083181637825;87.0
50;731;384;539,1.5019430555340283;0.11849083193603152;88.0
50;642;384;265,1.6757448925049558;0.1121037459528091;93.0
50;636;384;265,1.655428941254538;0.11210096861263227;92.0
50;735;384;539,1.4829816328608976;0.11849082377425742;88.0
50;47;384;267,2.247772294887911;0.08319745270603437;90.0
50;638;384;267,2.2756826684423532;0.08319745715527123;91.0
50;737;384;76,1.4677966781007756;0.11821331512357731;87.0
50;640;384;269,2.3229873690285667;0.08540074906661693;95.0
50;739;385;540,1.0347262839282834;0.09136037848827128;49.0
50;644;384;270,1.3815408552907482;0.1353893040920388;94.0
50;741;385;79,1.0213953096071835;0.09059144584470857;48.0
50;177;384;93,1.8072223711424034;0.09271867818020692;82.0
50;646;384;93,1.8315355299703389;0.09271939508179501;83.0
50;743;385;79,1.0214052370725828;0.09059061713625009;48.0
50;650;384;273,1.6399148413868354;0.11695029778245823;95.0
50;48;384;273,1.6203548806185963;0.11695025273112565;94.0
50;745;385;540,1.0347315573816396;0.09135994049338385;49.0
50;652;384;276,1.56240527261032;0.11692249764955316;90.0
50;654;384;94,1.8673564670064398;0.09332761361039299;86.0
50;263;384;94,1.8430895752535577;0.09332628767031237;85.0
50;780;384;278,1.4122049611358711;0.13416521899832495;95.0
50;656;384;278,1.3953604571075948;0.13416521496260103;94.0
50;660;384;279,1.5455493451033926;0.18305138177228236;138.0
50;747;385;541,0.9881722194202849;0.07788631442062495;40.0
50;749;385;19,0.9741937017831855;0.07697548728980945;39.0
50;751;385;19,0.9741934315558617;0.07697550757460782;39.0
50;753;385;541,0.9881702058098143;0.07788646510512659;40.0
50;662;384;281,1.3506975766288078;0.20749050533047586;139.0
50;428;384;281,1.3389546858527366;0.2074905042552515;138.0
50;755;384;542,2.2250246841249712;0.092923499834694;100.0
50;664;384;282,1.3272627869173286;0.20907018990380502;138.0
50;757;384;82,2.215343136487636;0.09230398757997899;99.0
50;666;384;284,2.071680763591404;0.12199417406087797;120.0
50;54;384;284,2.0918829125483107;0.12199417452872227;121.0
50;759;384;82,2.2153442291732586;0.09230394478082798;98.0
50;736;384;285,2.201840114462241;0.0828523199878317;88.0
50;668;384;285,2.2297157556283347;0.08285232573345722;89.0
50;761;384;542,2.2249235317622955;0.09292746955691411;99.0
50;670;384;286,2.2654073074215604;0.06631608474607603;74.0
50;74;384;286,2.231719750112865;0.06631608335180032;73.0
50;763;384;83,1.5460880701931539;0.12076776438281622;92.0
50;672;384;201,2.1849076832979675;0.07947926529912078;85.0
50;765;384;543,1.564337041661093;0.12080967644542003;93.0
50;674;384;288,2.7892743832660996;0.07831636438277054;104.0
50;676;384;290,1.9654350169436823;0.09003187525241622;87.0
50;678;384;53,2.088153449552317;0.08918881834367817;90.0
50;222;384;53,2.114081947380698;0.08918881926997292;91.0
50;680;384;292,2.1097230433397667;0.09559177679735624;98.0
50;684;384;293,2.0986502320895757;0.09606467707787654;98.0
50;688;384;295,2.4152808317307892;0.057929310336602854;68.0
50;690;384;296,1.5097492921489344;0.11517406275078361;87.0
50;692;384;298,1.5452398308986202;0.11272238104210015;87.0
50;694;384;274,1.6248585755499418;0.11795099363226265;95.0
50;115;384;274,1.6054826417640806;0.1179506467057862;94.0
50;696;384;24,1.869646075691392;0.1496463473845854;134.0
50;698;384;303,2.320160351614818;0.019402901473557985;22.0
50;393;384;303,2.4241566032905397;0.01940290288228461;23.0
50;700;384;305,2.6915200488781172;0.0701051169224812;90.0
50;117;384;306,2.1754829148413477;0.0959278050415828;101.0
50;702;384;306,2.1514075314740344;0.09590517999946584;100.0
50;324;384;306,2.1270515977190376;0.0958968715215861;99.0
50;5;384;308,2.012210158236972;0.10756562779368917;105.0
50;341;384;310,1.7267871491290623;0.1646128124785685;137.0
50;704;384;310,1.711601296494077;0.16461280957331528;136.0
50;6;384;222,1.743145756027693;0.16194714462452492;136.0
50;764;384;222,1.7277265119844543;0.1619471444635645;135.0
50;373;384;222,1.7123535701072565;0.16194714445847333;134.0
50;34;384;309,2.0134644224457077;0.10860030133448842;106.0
50;706;384;309,1.991600484739912;0.10860026332490039;105.0
50;7;384;312,1.927508780513743;0.11194887124198333;105.0
50;708;384;161,1.980465571692517;0.03274922769097697;32.0
50;722;384;161,2.0431415625937484;0.03274925795202593;33.0
50;8;384;314,1.5886981112875553;0.11910043022204193;94.0
50;710;385;315,0.7403966875228065;0.007790758918530862;3.0
50;9;384;317,2.40831636937507;0.09185678933353446;106.0
50;292;384;318,1.4083590536326187;0.12426259476545702;88.0
50;712;384;318,1.390404134128256;0.12426243268805032;87.0
50;10;385;319,0.488505081345867;0.031202604648068663;8.0
50;714;384;320,1.4874269756568737;0.19077977248776637;139.0
50;332;384;320,1.4748707786759696;0.19073722429790757;138.0
50;716;384;321,1.6409806079581315;0.17495552325724295;139.0
50;336;384;321,1.6267462362604328;0.17495245033344053;138.0
50;12;384;26,2.1742458458640677;0.11562605617224067;120.0
50;720;384;177,2.269126625041102;0.10210336624551972;110.0
50;718;384;177,2.292890639880008;0.10210363357769363;111.0
50;197;384;325,2.4118250427762855;0.036292172081095635;43.0
50;13;384;325,2.4699052137918605;0.03629218795453665;44.0
50;14;384;326,2.2608385110404123;0.049625617367808066;55.0
50;70;384;326,2.3043067180967984;0.049625640234471725;56.0
50;724;384;304,2.640518071302942;0.07224138467923415;91.0
50;184;384;304,2.672963024966126;0.07224220242775356;92.0
50;362;384;327,2.3176865393051576;0.09814803504673966;109.0
50;726;384;327,2.293117976583442;0.09814750818137771;108.0
50;17;384;44,2.239873159926435;0.10435666507407518;112.0
50;390;384;330,2.3432940689160975;0.07529889301417271;86.0
50;728;384;330,2.312858175644648;0.07529731571707968;85.0
50;18;384;332,2.614856300767067;0.06613653160222381;83.0
50;734;384;271,1.298112109635388;0.14484822426678176;95.0
50;73;384;271,1.2826289605612247;0.14484817106098857;94.0
50;19;384;239,1.8636561279701902;0.09924032003267402;91.0
50;20;384;234,2.85859495981407;0.07651154423993355;104.0
50;738;384;335,1.4972333398190913;0.12717505042561428;95.0
50;137;384;335,1.4793747524904541;0.12717503723239237;94.0
50;21;384;337,1.676425620634917;0.11206153713000985;93.0
50;22;384;211,2.2030130079759735;0.03317322841663592;36.0
50;742;384;257,2.2379279581674374;0.09640310860888174;103.0
50;278;384;257,2.2626974282535017;0.09640311140962661;104.0
50;23;384;339,2.2848536771457533;0.09650928620988053;105.0
50;744;384;342,2.291380194088246;0.05447331906973719;61.0
50;172;384;342,2.3314956207237665;0.05447335352234886;62.0
50;24;384;294,2.0955687675719985;0.09619711438962544;98.0
50;746;384;343,2.347543256822571;0.09697835679205;109.0
50;134;384;343,2.3226450670077994;0.09697834955924899;108.0
50;26;384;202,2.058883609741606;0.10207437800458474;102.0
50;29;384;255,1.8296884932931246;0.10682850922925394;96.0
50;750;384;255,1.8080616100323805;0.1068284740213624;95.0
50;27;384;302,2.3022064423973436;0.021283088640722123;24.0
50;28;385;347,1.0525836304184244;0.09358204320567046;51.0
50;754;385;347,1.0746564935075171;0.09358211036316806;52.0
50;82;384;349,1.6333828317783337;0.13171014937572323;105.0
50;756;384;349,1.6511676984490924;0.13171041305676265;106.0
50;214;384;350,2.823089318983119;0.07823886729225023;105.0
50;30;384;350,2.792185226808757;0.07823886714700454;104.0
50;758;384;351,1.599675928608738;0.12098250657183257;96.0
50;398;384;351,1.5807703693496082;0.12098228515585707;95.0
50;31;384;84,1.582242770946456;0.12087853729569256;95.0
50;215;384;298,1.5456196619982059;0.11269670674550172;86.0
50;760;384;298,1.5655805131551472;0.11269675065214103;87.0
50;32;384;85,1.5513245184681914;0.11097026779513439;85.0
50;61;384;159,2.29267550992575;0.08453726744261268;93.0
50;33;384;159,2.320350773899237;0.0845373197469355;94.0
50;35;384;355,1.746173184277037;0.09575874407447943;82.0
50;768;384;357,1.7581260566793828;0.09995898596963992;86.0
50;252;384;357,1.780822744376482;0.09995947507634154;87.0
50;399;384;359,1.7455089384441371;0.10549744322523068;90.0
50;770;384;359,1.7671526398112571;0.10549912353809075;91.0
50;37;384;358,1.7425452596556277;0.10810789546799965;93.0
50;772;384;104,1.6146273337928625;0.1173335053073923;93.0
50;143;384;104,1.6341188089660077;0.11733350711640518;94.0
50;38;384;362,1.5870859921677047;0.12053852762181362;94.0
50;774;384;362,1.6060702721872167;0.12053852777286092;95.0
50;39;384;171,1.7325063173146527;0.11115109908691907;95.0
50;308;384;265,1.6566328958781222;0.1120254249753339;91.0
50;776;384;265,1.6770084063367767;0.11202542651277315;92.0
50;40;384;364,1.5726226405723833;0.18026891327954575;138.0
50;778;384;283,1.3274810105805641;0.2106231076473807;139.0
50;227;384;283,1.3159399734176698;0.21062310516863822;138.0
50;41;384;228,1.861928411517344;0.011447128064581785;10.0
50;784;384;146,2.1687247018038844;0.08204209164774406;86.0
50;296;384;146,2.1967285007545074;0.08204226999006949;87.0
50;42;384;369,2.253028864764824;0.06382171898727204;70.0
50;786;384;371,2.3207946024198334;0.056536820657268484;64.0
50;344;384;371,2.359702660201306;0.05653698138165461;65.0
50;43;384;295,2.41304788660556;0.05798089801803458;69.0
50;788;384;287,2.2617243079046685;0.06641941723222514;74.0
50;277;384;287,2.2280914757774495;0.0664194170500732;73.0
50;44;384;373,1.9057760437280165;0.09493020115266768;89.0
50;790;384;299,1.5461936645217198;0.11400520017705283;88.0
50;364;384;299,1.526503104253403;0.1140035574491057;87.0
50;45;384;375,2.294437487448713;0.04168828175043727;47.0
50;239;384;377,2.1172456244584303;0.0921616469240121;94.0
50;792;384;377,2.142571483878007;0.0921616487510892;95.0
50;46;384;379,2.1713809789739855;0.09304134961163399;97.0
50;794;384;29,2.3314265753545707;0.035755364581774945;41.0
50;229;384;29,2.3900869926627237;0.03575540684324301;42.0
50;421;384;217,1.4334263819573934;0.1970474212853178;139.0
50;796;384;217,1.423774174442523;0.1967081991159398;138.0
50;85;385;382,0.6066501056918033;0.04393222798726638;14.0
50;798;385;382,0.6507968432081779;0.04393310779007805;15.0
50;49;384;227,1.8289613720643387;0.14527600531924936;128.0
50;800;384;383,1.8808150255575355;0.14283604296348124;129.0
50;69;384;383,1.864522199636127;0.1427620690551953;128.0
